./P_45/1492719205697_12_-study-educational_advantages_of_social_networking_sites_writing_frames/1491424517094.png,1491424517094,0.000565672293305397,0.2583569884300232,0.12352146208286285,0.42410606145858765,0.3854166666666667,0.5166666666666667,261.57,319.27,261.34,341.49,264.94,363.28,271.14,385.45,282.41,403.55,297.52,417.45,314.97,428.28,334.99,431.48,352.95,427.02,366.37,415.25,378.30,401.14,387.36,383.48,392.49,361.80,395.64,340.07,394.68,317.82,384.78,307.32,374.96,303.52,359.78,305.66,347.41,309.43,277.02,310.29,288.80,305.35,305.41,306.87,318.42,310.12,286.84,323.84,300.40,318.16,313.81,324.41,300.16,327.50,300.86,322.32,377.33,322.13,365.15,316.89,351.12,323.42,365.24,326.23,364.65,321.06,333.29,319.90,319.09,350.17,313.24,359.97,318.81,366.91,334.99,369.85,349.54,366.11,354.41,359.23,348.99,349.62,334.65,340.33,323.61,363.31,346.06,363.17,306.86,388.33,317.39,383.77,327.84,381.94,335.09,383.19,341.93,381.67,351.34,382.95,359.90,387.18,353.67,393.32,345.92,397.33,335.13,398.83,323.68,397.89,314.42,394.29,321.48,389.43,334.86,390.23,347.33,388.85,347.45,387.23,334.91,388.50,321.46,387.84,335.87,359.83,292.63,319.77,308.42,319.70,307.40,326.32,292.92,326.45,372.42,318.30,357.01,318.59,357.94,325.24,372.06,324.88,
./P_45/1492719205697_12_-study-educational_advantages_of_social_networking_sites_writing_frames/1491424517632.png,1491424517632,0.45438337326049805,0.23168602585792542,0.45111238956451416,0.2705543041229248,0.2994791666666667,0.265,263.22,314.93,262.50,337.07,265.88,359.39,272.19,381.91,283.17,400.34,298.07,414.96,316.12,426.05,336.05,429.32,353.56,424.54,366.64,412.35,377.55,397.66,385.68,380.03,390.47,358.39,393.43,336.33,391.70,313.98,381.95,300.25,373.06,295.58,358.68,296.44,346.85,299.41,278.49,303.42,289.76,297.30,305.94,297.61,318.50,300.13,289.21,319.56,302.16,313.62,314.74,320.24,301.88,323.78,302.68,318.40,375.21,318.08,364.16,312.49,350.49,319.22,364.05,322.67,363.77,317.28,333.24,314.84,320.47,347.47,314.60,357.35,320.20,364.04,334.93,366.29,348.16,363.27,353.02,356.62,347.76,346.99,334.67,335.91,324.75,359.85,345.04,359.83,309.50,386.46,319.24,381.51,328.87,379.13,335.53,380.30,341.65,378.91,350.30,380.70,357.99,385.44,352.87,392.40,345.99,397.36,335.84,399.19,324.99,397.87,316.37,393.35,323.26,388.52,335.50,389.89,346.74,388.06,346.57,384.96,335.36,385.54,323.15,385.48,335.97,355.74,294.73,315.34,309.71,315.39,308.78,322.49,294.85,322.58,370.88,314.08,356.37,314.27,357.06,321.50,370.57,321.17,
./P_45/1492719205697_12_-study-educational_advantages_of_social_networking_sites_writing_frames/1491424517903.png,1491424517903,0.2864443063735962,0.2244453728199005,0.3454793095588684,0.48566389083862305,0.49166666666666664,0.1025,258.15,308.86,256.14,332.25,259.33,356.27,267.67,379.88,280.75,400.04,297.02,417.22,316.21,430.73,336.26,434.15,353.21,428.39,365.39,413.27,376.04,395.45,384.77,375.66,390.01,352.54,391.52,328.94,387.28,305.74,376.16,289.42,367.78,285.75,353.80,287.47,342.41,291.37,275.31,294.04,285.83,288.94,301.30,289.68,313.44,292.65,286.88,310.89,299.22,304.13,311.17,311.78,298.90,314.95,299.32,309.42,369.10,307.82,358.26,301.86,345.65,309.97,358.38,312.56,357.93,307.14,329.08,307.63,317.68,340.76,311.56,351.10,317.54,357.93,332.26,361.41,345.29,356.49,350.09,349.39,344.26,339.66,331.21,329.93,321.95,355.51,342.35,355.03,308.22,380.55,317.60,375.44,327.29,373.28,334.11,374.33,340.27,372.74,349.45,373.80,357.14,378.44,353.29,388.94,346.42,396.86,335.73,399.72,324.19,397.78,315.13,390.74,322.50,388.08,335.17,390.62,346.71,387.19,345.63,377.81,334.18,379.18,321.76,378.95,333.09,350.96,291.99,306.08,306.43,306.30,305.42,313.77,292.26,313.79,364.84,303.44,350.94,304.20,351.91,311.78,364.63,310.88,
./P_45/1492719205697_12_-study-educational_advantages_of_social_networking_sites_writing_frames/1491424517992.png,1491424517992,0.16021713614463806,0.42086440324783325,0.24434177577495575,0.5056929588317871,0.4578125,0.3016666666666667,255.83,307.22,253.64,331.33,257.31,355.85,266.43,379.74,280.17,400.22,296.82,417.63,316.00,431.28,335.84,434.58,352.67,428.61,364.96,413.15,375.78,394.77,384.89,374.25,390.45,350.28,391.71,325.95,386.80,302.12,374.11,286.07,365.33,282.54,351.39,284.42,339.99,288.46,273.50,291.52,283.83,286.67,298.91,287.24,311.03,290.04,284.71,308.22,296.81,301.26,309.07,308.77,296.68,311.96,296.82,306.56,366.69,304.11,355.43,298.29,343.07,306.64,355.82,308.86,355.16,303.57,326.83,304.40,315.74,337.96,309.97,348.50,315.99,355.26,330.89,358.62,343.92,353.47,348.66,346.29,342.75,336.47,329.28,326.76,320.42,352.83,340.83,352.04,306.52,379.35,315.37,373.27,325.40,370.71,332.56,371.68,339.11,369.93,348.70,371.15,356.25,376.51,352.55,388.13,345.60,396.87,334.57,400.00,322.63,398.12,313.39,390.48,320.80,388.24,333.93,390.83,345.85,386.95,344.64,374.97,332.72,376.40,319.84,376.49,331.43,347.85,289.66,303.32,304.13,303.32,303.21,310.78,290.08,310.94,362.16,299.77,348.16,300.76,349.34,308.25,362.10,307.17,
./P_45/1492719205697_12_-study-educational_advantages_of_social_networking_sites_writing_frames/1491424518170.png,1491424518170,0.15509672462940216,0.4290856122970581,0.17606288194656372,0.449468731880188,0.2984375,0.22666666666666666,253.09,304.87,250.93,330.26,255.26,354.84,264.86,378.63,278.80,399.47,295.54,416.89,313.94,430.96,333.96,434.71,352.02,428.65,366.19,413.05,378.26,393.74,388.05,371.10,393.73,345.19,394.26,320.19,388.52,295.85,370.58,283.42,361.00,280.06,346.75,281.95,335.22,285.88,269.84,289.09,279.18,284.29,294.24,284.50,306.38,287.13,280.26,303.26,291.85,295.67,304.73,302.94,292.21,306.49,292.05,301.15,363.01,298.91,350.67,292.76,338.75,301.19,351.53,303.44,350.72,298.20,322.22,297.92,311.16,329.13,305.57,340.52,311.56,347.65,327.22,349.98,341.40,345.74,346.32,337.86,339.59,327.23,324.70,318.47,316.45,344.00,337.31,342.92,302.79,377.24,310.50,369.70,320.88,366.08,328.49,367.15,335.78,365.12,345.97,367.45,353.47,374.25,349.82,386.56,342.35,395.46,330.69,398.37,318.13,396.79,308.96,389.02,316.33,386.96,330.01,389.32,342.58,385.57,341.46,370.78,328.80,371.90,315.21,372.49,326.96,337.98,284.77,297.95,299.59,297.54,298.90,305.15,285.60,305.58,357.92,294.27,343.31,295.34,344.80,302.74,357.99,301.84,
./P_45/1492719205697_12_-study-educational_advantages_of_social_networking_sites_writing_frames/1491424518349.png,1491424518349,0.13272570073604584,0.3479582965373993,0.1823897361755371,0.35303884744644165,0.5380208333333333,0.4841666666666667,252.44,302.99,250.32,328.27,254.34,352.59,263.42,376.76,276.30,398.32,292.25,416.07,310.16,430.50,330.63,434.75,351.39,428.41,369.27,412.36,383.73,392.20,394.03,367.95,399.12,341.23,398.92,316.43,392.49,292.18,368.48,282.83,357.99,279.42,342.91,280.78,331.16,284.15,267.48,288.71,275.67,283.94,290.50,283.40,302.38,285.46,277.69,301.24,288.72,293.44,301.77,300.01,289.40,304.14,289.33,298.83,361.10,296.60,348.07,290.30,336.36,298.33,349.05,300.95,348.66,295.69,317.78,294.31,305.69,323.13,300.10,335.25,306.05,342.66,321.24,344.11,337.45,340.84,342.70,332.32,334.96,321.14,318.64,313.23,310.59,338.14,331.55,336.71,299.89,376.24,306.11,368.00,315.93,363.71,323.55,364.97,331.12,362.77,342.36,365.83,351.20,373.41,347.40,386.07,338.97,394.95,326.37,397.65,313.74,396.24,305.13,388.43,312.32,386.16,325.73,388.40,339.19,384.83,337.75,368.96,324.12,369.63,310.84,370.56,319.63,331.15,281.82,295.84,296.60,295.06,296.14,302.51,282.93,303.29,355.59,291.82,340.62,292.81,342.18,300.08,355.63,299.37,
./P_45/1492719205697_12_-study-educational_advantages_of_social_networking_sites_writing_frames/1491424518528.png,1491424518528,0.14052632451057434,0.2873937487602234,0.1732555627822876,0.2909088432788849,0.6994791666666667,0.12166666666666667,253.02,302.32,250.59,326.73,254.04,350.59,262.30,374.76,274.24,396.84,289.63,415.25,307.23,430.49,327.94,434.91,351.06,428.48,372.78,411.22,389.45,389.71,400.25,363.92,404.74,336.69,403.51,312.15,396.54,288.85,367.59,282.51,356.13,279.58,340.63,281.00,328.78,284.11,266.35,288.88,273.74,284.66,288.15,283.85,299.80,285.54,276.04,301.59,286.48,293.63,299.96,299.88,287.58,304.47,287.53,299.03,359.94,296.33,346.12,290.09,334.74,298.28,347.51,300.97,347.16,295.52,315.02,294.30,302.16,322.68,296.89,334.87,302.72,342.36,317.72,343.72,335.20,340.55,340.69,331.68,332.29,320.50,314.85,313.08,306.91,338.00,328.15,336.17,296.67,376.87,302.27,368.52,312.09,364.18,319.68,365.53,327.54,363.19,339.57,366.34,349.78,373.81,345.25,386.57,335.88,395.40,322.46,398.12,309.59,396.86,301.23,389.07,308.25,386.48,321.84,388.49,336.26,384.94,334.98,369.50,320.41,370.13,306.99,371.14,315.01,330.64,279.75,296.14,294.57,295.05,294.35,302.68,281.17,303.59,353.98,291.50,338.63,292.74,340.48,300.12,354.18,299.26,
./P_45/1492719205697_12_-study-educational_advantages_of_social_networking_sites_writing_frames/1491424518620.png,1491424518620,0.16841673851013184,0.27945512533187866,0.23369184136390686,0.33237671852111816,0.64375,0.1875,252.55,301.54,250.13,326.00,253.74,350.01,261.92,374.30,273.76,396.55,289.07,414.94,306.49,430.29,327.21,434.73,350.88,428.41,373.69,411.21,391.21,389.55,402.50,363.15,407.02,335.15,405.61,310.17,398.39,286.80,367.36,282.61,355.28,280.19,339.76,281.95,327.89,285.10,265.71,289.46,273.04,285.64,287.29,284.99,298.89,286.61,275.05,302.06,285.47,294.07,299.36,300.20,286.71,304.98,286.67,299.47,359.79,296.36,345.47,290.25,334.00,298.58,347.07,301.25,346.67,295.71,314.05,294.57,300.93,322.87,296.00,335.04,301.75,342.50,316.78,343.74,334.66,340.61,340.17,331.70,331.74,320.50,313.67,313.24,305.89,338.10,327.23,336.09,295.36,377.46,300.79,368.92,310.78,364.43,318.55,365.78,326.71,363.35,339.11,366.61,349.73,374.18,344.76,386.87,335.05,395.52,321.29,398.18,308.21,397.08,299.88,389.50,306.76,386.70,320.65,388.45,335.60,385.00,334.44,369.71,319.33,370.36,305.57,371.49,313.69,330.63,278.70,296.59,293.79,295.37,293.64,303.15,280.20,304.10,353.58,291.57,337.82,292.97,339.82,300.44,353.87,299.46,
./P_45/1492719205697_12_-study-educational_advantages_of_social_networking_sites_writing_frames/1491424518710.png,1491424518710,0.17379862070083618,0.30376386642456055,0.23265209794044495,0.3684444725513458,0.5791666666666667,0.175,252.76,300.62,250.16,325.32,253.80,349.58,262.01,374.01,273.83,396.25,289.01,414.66,305.97,430.40,326.51,435.07,350.52,428.92,374.08,411.65,392.45,389.84,404.44,362.94,409.22,334.16,407.65,308.71,400.12,285.28,367.67,282.73,355.28,280.31,339.46,282.05,327.37,285.15,265.45,289.53,272.47,285.67,286.87,284.92,298.61,286.50,274.77,302.19,285.15,294.20,299.22,300.36,286.48,305.29,286.43,299.68,359.92,296.60,345.23,290.52,333.82,298.93,346.97,301.69,346.56,296.04,313.65,294.65,300.39,323.40,295.34,335.63,301.08,343.17,316.33,344.65,334.73,341.34,340.38,332.31,331.60,321.01,313.09,313.85,305.29,339.07,326.99,337.00,294.08,377.42,300.04,369.65,310.13,365.52,317.96,366.92,326.28,364.46,338.86,367.44,350.27,374.19,344.80,387.02,334.64,395.75,320.49,398.43,307.12,397.27,298.67,389.58,305.69,386.85,319.88,388.61,335.32,385.18,334.26,370.64,318.75,371.49,304.71,372.40,313.01,331.62,278.41,296.73,293.54,295.49,293.48,303.43,279.92,304.32,353.47,291.83,337.58,293.28,339.62,300.85,353.86,299.84,
./P_45/1492719205697_12_-study-educational_advantages_of_social_networking_sites_writing_frames/1491424518979.png,1491424518979,0.17516988515853882,0.3562835454940796,0.20488116145133972,0.3299049139022827,0.26614583333333336,0.1425,254.77,300.67,252.56,324.86,256.43,349.34,264.14,374.10,275.02,396.54,289.34,414.84,305.80,430.38,326.10,435.19,350.27,429.32,374.38,412.75,393.30,391.42,405.50,364.35,410.27,334.98,409.08,309.01,401.79,285.76,369.41,285.04,356.53,282.62,340.89,284.42,328.78,287.31,266.25,292.52,273.35,288.38,287.49,287.63,299.16,288.91,275.33,306.78,285.97,299.67,300.49,304.59,287.25,309.73,287.56,304.69,362.62,300.78,347.80,295.58,335.65,302.96,349.42,305.79,349.15,300.72,314.60,298.36,300.54,326.33,296.01,338.09,301.45,345.31,316.49,346.73,335.39,343.52,340.86,334.89,332.58,323.92,313.42,316.55,305.56,340.98,327.14,338.82,294.31,379.61,300.09,371.69,310.23,367.33,318.34,368.58,327.00,366.26,340.06,369.44,351.86,376.40,345.94,389.24,335.52,397.69,320.89,400.35,307.27,399.23,298.96,391.73,305.88,388.89,320.31,390.55,336.40,387.19,335.36,372.49,319.12,373.11,304.84,374.27,312.91,333.52,279.24,301.99,294.42,300.54,294.50,307.86,280.59,308.88,356.04,296.68,339.97,298.02,341.78,305.00,356.41,304.00,
./P_45/1492719205697_12_-study-educational_advantages_of_social_networking_sites_writing_frames/1491424520267.png,1491424520267,0.08096130192279816,0.4159892499446869,0.2027217149734497,0.3781498372554779,0.4203125,0.22833333333333333,259.08,305.32,258.64,331.27,262.58,356.75,269.94,383.16,280.27,406.34,293.96,425.55,310.40,441.56,332.99,447.22,359.66,440.60,383.79,423.42,402.66,402.07,414.79,375.74,419.97,347.15,420.67,320.87,415.90,294.90,386.05,287.79,372.30,285.35,354.65,288.03,341.31,291.83,269.10,294.59,278.64,290.10,295.59,290.71,308.71,293.34,279.98,307.72,292.69,300.48,307.90,306.23,293.46,310.70,294.51,305.22,379.51,303.03,364.29,297.09,350.09,304.72,365.38,307.57,365.77,301.97,324.95,300.94,308.41,330.01,302.57,342.78,308.53,350.79,324.45,353.19,345.02,349.68,351.21,340.53,342.43,328.50,322.73,320.72,312.03,346.29,337.22,344.57,301.94,386.05,308.04,377.50,318.49,373.42,326.66,374.94,335.21,372.89,348.71,376.14,360.76,384.20,354.49,396.85,343.68,405.12,328.77,407.63,315.23,406.07,306.69,398.35,314.26,395.35,328.36,397.69,344.43,394.38,343.63,379.75,327.30,380.33,313.19,380.65,321.39,339.72,284.85,302.72,301.73,301.77,301.21,308.87,286.09,309.80,373.03,298.44,355.46,299.49,357.23,306.55,372.88,305.89,
./P_45/1492719205697_12_-study-educational_advantages_of_social_networking_sites_writing_frames/1491424520358.png,1491424520358,0.1462012529373169,0.5875822305679321,0.16703841090202332,0.32086944580078125,0.5302083333333333,0.2708333333333333,259.28,304.61,258.96,330.72,262.96,356.37,270.07,383.03,280.12,406.28,293.46,425.39,309.55,441.30,332.14,447.00,359.20,440.49,383.71,423.55,402.98,402.46,415.41,376.17,420.74,347.44,421.73,320.93,417.38,294.60,388.10,287.90,373.83,284.83,355.48,287.46,341.68,291.32,268.65,294.43,278.36,289.65,295.56,290.22,309.01,292.88,279.35,307.57,292.24,300.17,307.99,306.00,293.08,310.60,294.10,305.03,380.71,302.80,365.02,296.70,350.48,304.49,366.13,307.41,366.40,301.71,325.13,300.34,308.09,329.97,302.42,342.74,308.34,350.76,324.26,352.95,345.04,349.73,351.27,340.60,342.61,328.51,322.65,320.22,311.72,345.97,337.05,344.21,301.36,386.39,307.32,377.36,317.94,373.09,326.24,374.61,335.01,372.56,348.81,376.04,361.05,384.54,354.44,397.02,343.42,405.08,328.22,407.52,314.56,406.04,306.07,398.47,313.59,395.19,327.88,397.38,344.33,394.18,343.68,379.72,326.90,380.16,312.59,380.59,321.05,339.33,284.27,302.48,301.55,301.43,301.06,308.73,285.53,309.73,374.01,298.09,355.94,299.13,357.76,306.37,373.89,305.74,
./P_45/1492719205697_12_-study-educational_advantages_of_social_networking_sites_writing_frames/1491424520544.png,1491424520544,0.13661159574985504,0.3983333110809326,0.1897641271352768,0.29358264803886414,0.47760416666666666,0.52,259.71,303.45,259.27,329.49,263.12,355.34,269.76,382.33,279.36,405.95,292.26,425.26,307.90,441.33,330.43,447.10,358.00,440.79,383.43,424.09,403.78,403.25,417.15,376.85,422.96,347.72,424.21,320.68,420.11,293.88,390.94,287.48,376.11,283.85,357.01,286.56,342.72,290.66,268.40,294.33,278.01,289.35,295.38,289.90,309.16,292.58,278.83,307.85,291.88,300.39,308.20,306.05,292.86,310.81,293.87,305.27,382.39,302.48,366.14,296.41,351.29,304.31,367.33,307.19,367.49,301.48,325.42,300.11,307.46,329.92,301.94,342.65,307.82,350.78,323.95,353.03,345.26,349.74,351.58,340.59,342.85,328.45,322.47,320.08,311.10,346.07,336.82,344.12,299.95,386.35,306.05,377.28,316.91,373.06,325.39,374.57,334.44,372.48,348.63,375.91,361.51,384.27,354.18,396.72,342.70,404.60,327.02,407.08,313.12,405.69,304.57,398.27,312.14,394.85,326.77,396.82,343.92,393.61,343.54,379.68,326.03,380.19,311.41,380.61,320.42,339.30,283.82,302.76,301.41,301.50,301.03,308.88,285.12,310.00,375.40,297.78,356.84,298.89,358.70,306.20,375.32,305.50,
./P_45/1492719205697_12_-study-educational_advantages_of_social_networking_sites_writing_frames/1491424520644.png,1491424520644,0.12553158402442932,0.4316743016242981,0.20405614376068115,0.15467765927314758,0.3411458333333333,0.35333333333333333,259.96,302.86,259.52,329.02,263.27,354.99,269.63,382.10,278.95,405.80,291.61,425.12,307.04,441.24,329.69,447.17,357.69,440.98,383.53,424.45,404.19,403.72,417.74,377.24,423.58,347.98,424.95,320.83,421.08,293.88,391.81,287.84,376.80,284.03,357.47,286.63,343.05,290.63,268.23,294.10,277.83,289.12,295.24,289.71,309.08,292.41,278.57,307.52,291.69,300.01,308.19,305.79,292.67,310.51,293.69,304.96,382.96,302.57,366.52,296.34,351.54,304.27,367.69,307.20,367.86,301.47,325.46,299.94,307.16,329.59,301.64,342.33,307.47,350.52,323.63,352.81,345.17,349.67,351.56,340.50,342.85,328.27,322.28,319.83,310.72,345.74,336.62,343.86,299.28,386.23,305.45,377.16,316.40,373.00,324.96,374.54,334.16,372.49,348.52,375.99,361.63,384.42,354.04,396.65,342.33,404.27,326.44,406.63,312.44,405.24,303.88,397.97,311.46,394.54,326.26,396.48,343.71,393.43,343.40,379.69,325.60,380.13,310.81,380.48,320.04,339.02,283.58,302.39,301.33,301.18,300.94,308.61,284.88,309.68,375.89,297.77,357.13,298.82,358.98,306.17,375.78,305.56,
./P_45/1492719205697_12_-study-educational_advantages_of_social_networking_sites_writing_frames/1491424520741.png,1491424520741,0.13651132583618164,0.43220722675323486,0.19102974236011505,0.290628582239151,0.3796875,0.43333333333333335,260.03,302.43,259.54,328.70,263.20,354.75,269.35,381.88,278.50,405.63,291.02,425.02,306.34,441.31,329.15,447.38,357.37,441.25,383.37,424.86,404.22,404.26,417.98,377.78,423.92,348.27,425.30,320.90,421.52,293.71,392.27,287.93,377.04,283.89,357.40,286.41,342.82,290.39,267.98,293.91,277.51,288.90,295.03,289.45,308.95,292.12,278.21,307.20,291.32,299.57,307.96,305.52,292.33,310.25,293.27,304.61,382.94,302.34,366.30,295.95,351.32,304.06,367.50,307.01,367.63,301.19,325.26,299.64,306.95,329.53,301.38,342.30,307.21,350.52,323.41,352.84,345.01,349.73,351.46,340.55,342.67,328.24,322.05,319.72,310.43,345.77,336.44,343.89,298.56,385.98,304.94,377.02,315.98,372.99,324.56,374.53,333.82,372.48,348.28,375.91,361.65,384.21,353.86,396.43,341.97,404.00,325.92,406.35,311.78,404.93,303.17,397.68,310.82,394.29,325.78,396.22,343.45,393.21,343.18,379.62,325.21,380.11,310.28,380.39,319.76,339.07,283.19,301.98,301.02,300.78,300.64,308.35,284.51,309.39,375.78,297.44,356.87,298.49,358.75,305.97,375.67,305.37,
./P_45/1492719205697_12_-study-educational_advantages_of_social_networking_sites_writing_frames/1491424520835.png,1491424520835,0.11693954467773438,0.34597456455230713,0.18743936717510223,0.2929037809371948,0.32708333333333334,0.39416666666666667,260.38,302.24,259.88,328.47,263.50,354.45,269.53,381.50,278.52,405.32,290.88,424.86,306.00,441.37,328.76,447.50,357.02,441.49,383.15,425.15,404.17,404.54,418.14,377.98,424.16,348.29,425.55,320.87,421.74,293.64,392.33,288.01,376.93,283.85,357.17,286.28,342.48,290.19,267.81,293.97,277.28,288.82,294.87,289.29,308.88,291.90,278.10,306.94,291.20,299.29,307.90,305.23,292.22,309.94,293.19,304.32,382.91,302.15,366.17,295.73,351.16,303.81,367.38,306.76,367.54,300.96,325.05,299.27,306.66,329.37,301.16,342.15,306.95,350.38,323.12,352.66,344.82,349.64,351.28,340.45,342.53,328.10,321.75,319.42,310.12,345.57,336.20,343.68,298.28,386.02,304.53,376.92,315.58,372.82,324.23,374.37,333.58,372.32,348.12,375.84,361.48,384.34,353.60,396.47,341.65,403.99,325.54,406.28,311.37,404.88,302.81,397.65,310.42,394.22,325.41,396.14,343.18,393.17,342.96,379.55,324.87,380.00,309.90,380.29,319.40,338.85,283.08,301.71,300.93,300.48,300.56,308.05,284.38,309.10,375.69,297.22,356.71,298.25,358.60,305.71,375.58,305.14,
./P_45/1492719205697_12_-study-educational_advantages_of_social_networking_sites_writing_frames/1491424520925.png,1491424520925,0.09989315271377563,0.3993791341781616,0.18893423676490784,0.32388830184936523,0.42552083333333335,0.3516666666666667,260.02,302.18,259.47,328.46,263.17,354.43,269.35,381.36,278.44,405.09,290.85,424.51,305.92,440.91,328.47,446.99,356.57,441.11,382.74,424.96,403.90,404.47,418.05,377.96,424.26,348.30,425.72,320.86,421.85,293.60,391.89,287.57,376.47,283.53,356.85,286.05,342.20,290.04,267.68,293.49,277.14,288.43,294.62,289.01,308.58,291.72,277.90,306.70,291.01,299.06,307.72,305.04,292.03,309.74,293.04,304.11,382.67,301.98,365.92,295.55,350.89,303.66,367.13,306.62,367.29,300.80,324.77,299.03,306.35,329.17,300.86,341.92,306.65,350.14,322.81,352.42,344.57,349.43,351.04,340.25,342.30,327.91,321.44,319.16,309.86,345.34,335.88,343.46,298.02,385.84,304.20,376.67,315.27,372.52,323.95,374.09,333.33,372.04,347.91,375.63,361.25,384.21,353.31,396.34,341.33,403.85,325.26,406.11,311.12,404.71,302.58,397.47,310.14,394.00,325.13,395.90,342.92,392.99,342.71,379.35,324.59,379.76,309.60,380.07,319.08,338.55,282.88,301.47,300.76,300.26,300.37,307.87,284.18,308.89,375.45,297.05,356.44,298.07,358.34,305.57,375.34,305.00,
./P_45/1492719205697_12_-study-educational_advantages_of_social_networking_sites_writing_frames/1491424521104.png,1491424521104,0.13662032783031464,0.41829410195350647,0.17922955751419067,0.31259581446647644,0.5083333333333333,0.3358333333333333,259.54,302.30,259.23,328.69,263.11,354.50,269.30,381.17,278.32,404.45,290.72,423.34,305.84,439.28,328.51,445.35,356.60,439.38,382.60,423.62,403.44,403.55,417.24,377.41,423.25,347.92,424.74,320.63,420.97,293.35,390.59,287.40,375.27,283.52,355.91,285.85,341.47,289.59,267.55,293.39,276.96,288.39,294.30,288.74,308.09,291.21,277.65,306.40,290.65,298.78,307.18,304.76,291.66,309.46,292.60,303.79,381.71,301.69,365.09,295.30,350.23,303.39,366.33,306.36,366.54,300.51,324.25,298.67,306.20,328.84,300.61,341.62,306.43,349.77,322.55,351.93,344.13,349.02,350.61,339.88,341.75,327.53,321.08,318.80,309.65,344.85,335.56,342.97,297.61,385.19,304.03,376.33,315.09,372.30,323.70,373.85,333.00,371.80,347.47,375.24,360.91,383.51,353.00,395.60,341.04,403.06,325.03,405.31,310.89,403.93,302.27,396.78,309.89,393.37,324.88,395.23,342.56,392.35,342.30,378.90,324.34,379.35,309.38,379.65,318.86,338.13,282.59,301.19,300.32,300.01,299.92,307.57,283.89,308.59,374.54,296.79,355.71,297.84,357.62,305.29,374.45,304.72,
./P_45/1492719205697_12_-study-educational_advantages_of_social_networking_sites_writing_frames/1491424521195.png,1491424521195,0.13010014593601227,0.3892930746078491,0.1913001835346222,0.34029027819633484,0.40729166666666666,0.3383333333333333,259.44,302.78,259.29,328.84,263.13,354.35,269.31,380.79,278.34,404.01,290.78,422.91,306.00,438.88,328.72,444.87,356.71,438.77,382.44,422.79,402.97,402.64,416.46,376.60,422.25,347.45,423.60,320.53,419.87,293.55,389.94,287.53,374.71,283.75,355.41,286.24,341.04,290.10,267.32,293.84,276.77,288.85,294.12,289.29,307.88,291.82,277.46,306.65,290.43,299.01,306.88,304.95,291.44,309.64,292.40,303.99,381.23,301.69,364.71,295.34,349.90,303.45,365.95,306.35,366.13,300.52,323.95,298.92,306.04,328.76,300.45,341.48,306.27,349.60,322.40,351.72,343.92,348.73,350.33,339.60,341.46,327.37,320.87,318.86,309.48,344.69,335.40,342.76,297.74,384.95,304.07,376.00,315.10,371.92,323.66,373.44,332.88,371.37,347.32,374.79,360.63,383.11,352.91,395.23,341.06,402.77,325.12,405.07,311.01,403.73,302.38,396.57,310.02,393.17,324.93,395.02,342.49,392.07,342.18,378.48,324.32,378.98,309.42,379.32,318.73,338.02,282.37,301.42,300.07,300.22,299.66,307.74,283.70,308.79,374.12,296.81,355.35,297.90,357.27,305.31,374.02,304.70,
./P_45/1492719205697_12_-study-educational_advantages_of_social_networking_sites_writing_frames/1491424521378.png,1491424521378,0.14790184795856476,0.43187689781188965,0.15126246213912964,0.35434776544570923,0.5255208333333333,0.2475,259.97,303.26,259.84,328.87,263.50,354.00,269.67,380.22,278.73,403.48,291.18,422.71,306.47,438.99,329.17,444.90,357.02,438.60,382.34,421.94,402.28,401.21,415.16,375.07,420.52,346.44,421.55,320.11,417.82,293.78,388.99,287.52,374.09,283.76,354.95,286.26,340.71,290.12,267.37,293.75,276.73,288.80,293.99,289.26,307.65,291.80,277.53,306.38,290.32,298.83,306.55,304.62,291.32,309.17,292.25,303.68,380.38,301.42,364.13,295.18,349.51,303.11,365.32,305.86,365.46,300.22,323.72,298.95,306.01,328.27,300.45,340.92,306.23,349.01,322.34,351.24,343.70,348.08,350.00,338.93,341.20,326.84,320.79,318.65,309.39,344.20,335.37,342.29,298.37,384.44,304.39,375.37,315.28,371.27,323.76,372.76,332.87,370.71,347.15,374.11,360.07,382.54,352.76,394.67,341.13,402.30,325.39,404.66,311.43,403.28,302.89,396.07,310.47,392.82,325.18,394.79,342.42,391.71,342.00,377.75,324.45,378.30,309.74,378.62,318.75,337.68,282.35,301.21,299.82,300.01,299.40,307.30,283.71,308.37,373.39,296.61,354.91,297.68,356.81,304.87,373.26,304.27,
./P_45/1492719205697_12_-study-educational_advantages_of_social_networking_sites_writing_frames/1491424521742.png,1491424521742,0.216566801071167,0.5010285973548889,0.21653862297534943,0.41191646456718445,0.6473958333333333,0.08916666666666667,260.23,304.58,259.94,329.55,263.32,354.14,269.74,379.85,279.13,402.94,291.99,422.38,307.89,438.70,330.43,444.33,357.26,437.90,381.62,420.51,400.59,399.13,412.64,372.92,417.58,345.02,418.02,319.38,413.39,294.14,384.41,286.53,371.04,284.26,353.96,286.83,340.82,290.39,268.90,294.57,278.29,289.65,295.12,289.92,308.20,292.19,280.07,306.76,292.82,299.36,307.80,305.14,293.65,309.41,295.02,304.14,378.44,301.70,363.54,295.64,349.35,303.47,364.70,306.07,365.30,300.60,324.28,300.02,307.30,328.71,301.65,341.18,307.44,349.18,323.36,351.59,344.03,348.07,350.05,339.07,341.48,327.23,321.80,319.50,310.81,344.63,336.21,342.86,299.65,384.18,305.86,375.63,316.65,371.63,325.05,373.09,333.83,371.11,347.40,374.27,359.37,382.28,352.74,394.26,341.76,401.95,326.65,404.40,312.96,403.02,304.21,395.80,311.78,392.93,326.26,395.00,342.78,391.81,342.28,377.68,325.52,378.36,311.07,378.59,320.33,338.28,284.98,301.67,301.77,300.62,301.26,307.67,286.26,308.64,372.20,297.00,354.72,298.15,356.56,305.15,372.01,304.42,
./P_45/1492719205697_12_-study-educational_advantages_of_social_networking_sites_writing_frames/1491424521992.png,1491424521992,0.22594401240348816,0.5990259647369385,0.18566007912158966,0.3713366985321045,0.084375,0.12666666666666668,260.88,304.11,261.11,329.55,264.67,354.04,270.57,379.45,279.79,402.25,292.20,421.80,307.64,438.76,330.92,444.58,358.21,437.98,381.89,420.25,400.09,398.80,412.05,372.73,416.80,344.52,417.25,318.67,413.59,293.07,385.81,288.22,371.80,287.08,354.62,290.55,341.61,294.39,270.07,295.69,279.80,292.50,296.28,293.64,309.16,296.11,280.15,305.46,292.78,297.05,308.17,304.76,293.64,308.72,294.47,302.45,378.13,300.15,362.56,293.25,348.85,303.15,364.18,305.21,364.23,298.79,325.13,301.33,308.77,331.72,303.62,344.15,309.36,352.20,325.22,354.99,344.86,351.02,350.80,342.00,342.60,330.08,323.31,322.59,312.06,348.09,338.19,346.20,300.27,386.11,306.51,377.70,317.54,374.18,325.95,375.58,334.86,373.52,348.16,376.22,359.63,383.89,352.83,394.82,341.93,401.87,327.12,404.21,313.51,403.05,304.74,396.53,312.13,393.59,326.79,395.29,343.22,392.26,343.01,379.36,326.42,380.59,311.77,380.46,322.30,342.97,284.69,299.54,302.21,298.85,301.36,307.06,286.12,307.70,371.76,294.67,353.52,296.47,355.98,304.45,371.71,303.32,
./P_45/1492719205697_12_-study-educational_advantages_of_social_networking_sites_writing_frames/1491424522176.png,1491424522176,0.13519400358200073,0.48052072525024414,0.17477121949195862,0.36958375573158264,0.425,0.31,265.91,302.84,264.95,326.96,268.83,351.91,275.64,377.48,285.40,400.51,297.33,421.08,311.32,439.46,331.80,445.10,356.85,439.28,379.89,420.95,398.72,398.83,412.35,372.54,418.73,343.53,419.58,316.95,415.73,292.56,389.26,290.34,373.57,289.64,355.85,295.25,342.63,300.63,275.02,295.87,284.90,294.92,300.04,298.45,312.59,302.30,281.91,311.00,293.90,304.45,310.28,310.80,294.72,314.76,295.18,309.03,379.94,305.25,363.53,300.32,349.94,309.14,365.37,310.79,364.28,305.05,327.22,307.99,310.79,339.47,306.80,350.45,312.05,357.64,327.37,361.97,346.37,356.45,351.99,348.29,344.71,337.69,325.30,330.07,314.24,355.82,339.82,353.66,303.68,387.02,308.90,378.48,319.54,375.22,327.62,376.42,336.49,374.40,349.93,376.89,361.28,384.48,354.21,397.23,343.66,405.86,329.08,408.75,315.91,407.07,308.08,398.96,314.96,396.30,328.89,398.68,344.95,394.82,344.86,380.61,328.34,382.08,314.30,381.89,323.95,351.20,286.23,306.37,303.33,305.64,302.65,313.28,287.44,313.64,372.85,301.10,354.69,303.12,357.16,310.37,373.17,308.85,
./P_45/1492719205697_12_-study-educational_advantages_of_social_networking_sites_writing_frames/1491424522268.png,1491424522268,0.17865565419197083,0.5505720376968384,0.1837870180606842,0.3470572233200073,0.40520833333333334,0.3416666666666667,270.26,302.46,269.41,326.01,273.25,351.10,279.79,376.63,288.78,399.58,299.49,420.66,312.43,439.76,332.19,445.57,356.93,439.88,379.77,421.62,398.82,399.60,413.02,373.61,419.63,344.15,420.55,317.08,416.56,292.64,390.72,291.24,374.16,290.70,356.01,296.77,342.74,302.44,277.15,297.29,286.84,296.79,301.63,300.65,313.97,304.49,283.89,313.08,295.47,307.08,311.89,312.98,296.28,316.84,296.73,311.29,380.81,306.52,364.29,302.26,350.84,310.91,366.19,312.21,365.12,306.65,327.85,310.62,311.76,343.04,308.37,353.45,313.40,360.16,327.49,365.10,346.11,358.89,351.60,351.19,344.64,341.13,325.38,333.45,314.63,359.47,339.67,356.99,305.82,386.71,310.41,378.40,320.44,375.55,328.19,376.59,336.80,374.64,350.37,376.60,362.22,383.91,355.04,397.28,344.57,406.51,330.04,409.75,317.25,407.82,310.01,399.14,316.60,396.84,329.87,399.61,345.83,395.24,345.49,380.44,329.03,382.15,315.76,381.86,323.56,355.26,288.07,308.85,304.70,308.08,304.09,315.42,289.15,315.76,373.54,302.81,355.63,305.02,358.11,311.98,373.98,310.23,
./P_45/1492719205697_12_-study-educational_advantages_of_social_networking_sites_writing_frames/1491424522447.png,1491424522447,0.11270706355571747,0.37417638301849365,0.18523550033569336,0.3101727068424225,0.4171875,0.49333333333333335,276.07,302.69,275.31,325.43,278.97,350.17,285.58,375.37,294.05,397.79,303.69,418.85,315.18,438.27,333.73,444.22,357.80,438.73,380.16,421.13,399.51,400.19,414.54,375.56,421.70,346.35,423.00,319.44,418.71,294.57,391.10,293.23,374.17,293.01,356.06,298.68,342.85,304.02,280.75,299.50,289.90,299.32,304.29,302.88,316.35,306.31,288.16,314.06,299.37,308.84,314.87,314.36,299.94,317.65,300.68,312.39,381.73,307.62,365.60,303.96,352.56,312.12,367.42,313.11,366.98,307.76,328.96,312.44,313.11,346.06,309.71,356.11,314.56,362.45,327.43,368.34,346.32,361.31,351.87,353.95,344.76,344.27,325.56,336.67,314.83,363.15,339.82,360.55,307.67,385.21,312.11,378.38,321.43,376.57,328.97,377.62,337.31,375.73,351.05,376.61,364.09,382.61,356.55,396.64,345.74,406.57,331.11,410.00,318.69,407.77,311.77,398.35,318.29,396.84,331.01,400.12,347.08,395.38,346.39,380.56,329.91,382.74,317.31,381.83,323.02,359.60,292.38,310.35,308.00,309.78,307.30,316.44,293.18,316.61,374.46,304.36,357.35,306.53,359.73,312.99,374.93,311.15,
./P_45/1492719205697_12_-study-educational_advantages_of_social_networking_sites_writing_frames/1491424522546.png,1491424522546,0.09758144617080688,0.4035574793815613,0.19926345348358154,0.27759358286857605,0.44895833333333335,0.5633333333333334,278.88,302.88,278.00,325.52,281.32,350.00,287.67,374.84,295.74,397.09,304.85,418.02,315.57,437.56,333.87,443.80,358.20,438.62,380.82,421.42,400.43,400.90,415.67,376.56,422.93,347.72,424.36,321.19,420.26,296.37,391.36,294.87,374.50,294.52,356.53,299.75,343.39,304.65,282.66,299.40,291.29,299.44,305.27,303.04,317.06,306.46,289.73,313.49,300.77,308.28,315.98,314.16,301.20,317.11,302.06,311.92,382.37,308.49,366.27,304.46,353.39,312.54,368.00,313.64,367.72,308.35,329.55,312.48,313.33,345.31,309.64,355.42,314.33,361.83,327.16,367.94,346.72,361.17,352.40,353.74,345.09,343.92,325.60,336.42,314.55,362.49,339.93,360.18,307.49,384.50,312.04,378.29,321.31,376.80,329.00,377.95,337.56,376.17,351.62,377.04,365.23,382.73,357.36,396.42,345.97,405.99,331.00,409.11,318.46,406.75,311.55,397.49,318.11,396.36,331.03,399.75,347.61,395.39,346.87,380.79,329.98,382.93,317.18,381.64,322.61,359.12,293.85,309.74,309.31,309.44,308.50,316.03,294.60,315.98,375.11,305.03,358.09,306.97,360.41,313.43,375.48,311.81,
./P_45/1492719205697_12_-study-educational_advantages_of_social_networking_sites_writing_frames/1491424522639.png,1491424522639,0.1489054262638092,0.5085577964782715,0.1799297332763672,0.2479463368654251,0.4,0.4816666666666667,280.31,302.94,279.34,325.71,282.44,350.10,288.62,374.73,296.34,396.90,305.10,417.53,315.35,436.85,333.52,443.35,358.20,438.51,381.30,421.97,401.30,402.02,416.75,377.89,424.19,349.39,425.89,323.12,421.94,298.13,391.20,295.85,374.42,295.40,356.73,300.24,343.71,304.75,283.89,298.85,292.19,298.96,305.83,302.65,317.35,306.08,290.69,312.80,301.75,307.51,316.74,313.77,302.02,316.53,303.12,311.35,383.09,309.27,367.03,304.76,354.07,312.78,368.62,314.15,368.57,308.86,329.81,311.92,313.06,343.78,309.05,354.05,313.62,360.58,326.45,366.56,346.77,360.42,352.62,352.90,345.14,342.83,325.28,335.18,313.95,360.77,339.54,358.78,306.92,384.18,311.48,378.15,320.79,376.62,328.69,377.90,337.50,376.25,351.96,377.47,365.99,383.34,357.82,396.65,345.91,405.75,330.57,408.48,317.88,406.05,310.97,397.01,317.55,396.06,330.71,399.45,347.82,395.62,347.04,381.02,329.68,382.86,316.63,381.40,321.81,357.27,294.79,308.94,310.29,308.90,309.36,315.54,295.49,315.31,375.89,305.55,358.79,307.19,361.02,313.79,376.12,312.44,
./P_45/1492719205697_12_-study-educational_advantages_of_social_networking_sites_writing_frames/1491424522731.png,1491424522731,0.15044420957565308,0.4557662010192871,0.18994849920272827,0.32745441794395447,0.39114583333333336,0.425,281.36,303.08,280.29,325.89,283.04,350.27,288.71,374.90,295.75,397.25,304.01,417.78,314.13,436.80,332.47,443.47,357.88,438.93,381.85,423.06,402.36,403.54,417.87,379.52,425.25,351.33,427.15,325.22,423.40,299.96,391.24,296.54,374.41,295.90,356.88,300.30,343.99,304.39,284.76,298.40,292.78,298.59,305.97,302.22,317.16,305.50,291.27,312.37,302.30,306.88,317.20,313.43,302.47,316.15,303.75,310.96,383.59,309.84,367.58,304.79,354.46,312.81,369.01,314.47,369.18,309.14,329.72,311.35,312.39,342.24,308.34,352.69,312.80,359.30,325.25,364.82,346.04,359.54,352.01,351.97,344.58,341.66,324.50,333.68,313.05,358.77,338.38,357.00,306.55,384.54,310.64,378.01,319.85,376.13,327.87,377.50,336.85,375.97,351.69,377.77,365.87,384.40,357.53,397.11,345.28,405.56,329.71,407.91,317.09,405.51,310.38,396.92,316.81,395.86,329.95,399.12,347.45,395.80,346.64,381.06,328.90,382.42,315.85,381.06,320.44,354.94,295.28,308.33,310.88,308.44,309.87,315.18,295.98,314.89,376.49,305.79,359.21,307.19,361.37,313.98,376.55,312.86,
./P_45/1492719205697_12_-study-educational_advantages_of_social_networking_sites_writing_frames/1491424522826.png,1491424522826,0.15217730402946472,0.49395185708999634,0.1950267255306244,0.35141628980636597,0.4244791666666667,0.3625,280.87,303.65,279.57,326.53,282.20,351.00,287.76,375.81,294.65,398.45,302.95,418.82,313.28,437.14,331.48,443.63,357.11,439.42,381.87,424.39,402.94,405.41,418.71,381.56,426.28,353.71,428.59,327.67,424.90,301.91,391.22,296.85,374.43,296.10,357.18,300.27,344.40,304.24,284.82,298.06,292.69,298.36,305.42,301.98,316.41,305.30,291.28,312.18,302.40,306.55,317.27,313.21,302.50,315.91,303.96,310.75,383.83,310.23,367.86,304.83,354.51,312.76,369.15,314.66,369.50,309.33,329.39,310.88,311.46,340.89,307.62,351.51,312.00,358.23,324.06,363.19,345.03,358.72,351.09,351.08,343.97,340.58,323.67,332.23,312.27,356.98,337.00,355.34,306.36,385.62,309.65,378.12,318.73,375.63,326.84,377.10,335.91,375.60,350.88,378.15,364.67,385.89,356.26,397.89,344.00,405.66,328.60,407.65,316.37,405.43,309.96,397.40,316.01,395.84,328.91,398.82,346.43,395.98,345.71,381.24,327.88,382.04,315.00,380.98,319.17,352.63,295.27,308.03,311.04,308.17,309.96,314.95,295.98,314.68,376.83,305.97,359.34,307.14,361.43,314.07,376.75,313.15,
./P_45/1492719205697_12_-study-educational_advantages_of_social_networking_sites_writing_frames/1491424522920.png,1491424522920,0.13298988342285156,0.4389079511165619,0.19726711511611938,0.36966049671173096,0.4473958333333333,0.4116666666666667,280.78,304.60,279.45,327.48,282.09,351.92,287.48,376.70,294.03,399.64,302.17,420.02,312.59,437.76,330.62,444.06,356.40,440.15,381.78,426.08,403.18,407.66,419.13,384.11,426.88,356.54,429.68,330.52,426.18,304.10,391.12,296.98,374.17,296.11,357.15,300.12,344.47,304.05,284.67,297.66,292.25,298.19,304.40,301.82,315.15,305.13,290.93,311.90,301.97,306.06,316.87,312.85,302.04,315.56,303.63,310.38,383.76,310.26,367.76,304.52,354.24,312.47,368.97,314.56,369.41,309.16,328.69,310.40,310.41,339.91,306.98,350.73,311.27,357.54,322.73,361.82,343.63,358.19,349.77,350.45,343.03,339.75,322.55,330.92,311.35,355.47,335.39,353.85,306.73,387.52,308.75,378.74,317.46,375.49,325.56,377.01,334.62,375.51,349.50,378.90,362.55,387.97,354.21,398.96,342.15,405.90,327.27,407.54,315.78,405.58,309.92,398.33,315.38,396.04,327.67,398.67,344.80,396.28,344.21,381.80,326.65,382.02,314.28,381.39,317.66,350.64,294.77,307.58,310.70,307.74,309.55,314.58,295.52,314.36,376.85,305.77,359.09,306.79,361.17,313.88,376.65,313.12,
./P_45/1492719205697_12_-study-educational_advantages_of_social_networking_sites_writing_frames/1491424523097.png,1491424523097,0.15833526849746704,0.47505155205726624,0.16591712832450867,0.42008012533187866,0.4114583333333333,0.2733333333333333,278.29,307.76,277.35,331.54,280.70,355.93,286.17,380.32,292.32,402.89,300.39,422.60,311.08,438.73,329.01,444.68,354.75,441.16,380.59,429.37,402.23,412.32,418.34,389.66,426.38,362.11,430.03,335.88,426.63,307.69,389.09,295.90,371.86,294.98,354.97,298.61,342.48,302.54,282.13,297.08,289.36,297.48,301.31,300.66,311.84,303.83,288.83,310.76,299.61,304.59,314.34,311.21,299.77,314.19,301.43,308.82,382.01,308.88,366.16,302.82,352.64,310.64,367.28,313.08,368.07,307.43,326.07,308.27,308.34,338.07,305.28,349.59,309.74,356.62,319.92,359.48,340.07,357.20,346.51,349.19,339.99,337.82,319.67,328.13,309.38,353.11,331.88,351.33,308.03,390.29,308.07,379.84,315.49,375.41,322.93,376.99,331.28,375.36,345.16,379.83,356.83,390.57,348.86,399.43,337.78,404.90,324.77,406.06,315.28,404.66,310.61,398.96,314.98,394.95,325.17,396.90,340.41,395.13,339.89,382.77,324.08,382.27,313.64,382.44,314.59,347.34,292.44,306.20,308.31,306.19,307.16,313.02,293.26,313.09,375.29,304.17,357.49,305.02,359.54,312.18,374.96,311.68,
./P_45/1492719205697_12_-study-educational_advantages_of_social_networking_sites_writing_frames/1491424523275.png,1491424523275,0.14433279633522034,0.5016199350357056,0.20092539489269257,0.38627511262893677,0.3671875,0.3516666666666667,279.41,310.99,278.15,335.03,281.83,359.18,287.52,382.93,293.49,404.78,300.87,424.06,310.10,439.84,326.55,445.76,351.83,442.79,378.42,431.49,400.77,414.34,417.46,391.45,425.93,363.82,429.53,337.69,425.93,309.84,388.50,296.85,371.28,294.15,353.72,296.90,340.64,300.72,280.35,297.01,286.56,295.98,298.63,298.35,309.52,301.60,287.21,311.53,297.30,305.44,312.33,311.46,297.81,314.67,299.27,309.59,379.85,310.10,363.72,304.10,350.59,311.37,364.88,313.94,365.46,308.62,323.94,307.99,306.41,338.29,303.64,349.81,307.99,356.85,317.71,359.44,337.78,357.67,344.38,349.55,337.75,338.10,317.27,327.64,307.57,353.10,329.25,351.29,307.32,391.27,306.46,380.42,313.28,375.74,320.35,377.36,328.60,375.75,342.12,380.70,353.55,391.85,345.51,400.39,334.52,405.67,322.06,406.72,313.28,405.26,309.35,399.62,313.17,395.20,322.53,397.21,337.21,395.53,336.87,383.77,321.59,382.90,311.88,383.30,311.95,346.75,290.49,307.12,305.91,306.78,305.11,313.44,291.41,313.68,372.83,305.51,355.32,306.12,357.26,312.97,372.64,312.74,
./P_45/1492719205697_12_-study-educational_advantages_of_social_networking_sites_writing_frames/1491424523367.png,1491424523367,0.153373122215271,0.48554685711860657,0.18991322815418243,0.3707924485206604,0.28125,0.395,280.20,312.23,278.43,336.30,281.89,360.46,287.55,383.91,293.49,405.38,300.68,424.43,309.36,440.32,325.18,446.47,350.31,443.90,377.40,432.62,400.22,415.25,417.18,392.00,425.79,364.34,429.11,338.29,425.32,311.22,388.15,298.40,371.41,294.74,353.81,296.83,340.54,300.34,280.16,297.09,285.75,295.21,297.84,297.22,308.83,300.56,287.15,312.79,296.98,306.71,312.01,312.86,297.56,316.13,298.98,311.13,378.88,312.59,362.78,306.37,349.85,313.47,363.87,316.29,364.33,311.09,323.55,309.29,306.00,339.47,303.00,350.83,307.26,357.91,317.13,360.76,337.39,359.14,344.09,350.99,337.30,339.58,316.78,328.87,307.17,354.33,328.65,352.79,306.01,391.57,305.70,381.54,312.57,377.23,319.58,378.93,327.94,377.45,341.45,382.34,353.33,392.87,345.08,401.50,333.76,406.77,321.06,407.72,312.04,405.98,308.06,400.13,311.97,395.96,321.61,398.19,336.59,396.69,336.26,385.41,320.80,384.42,310.86,384.61,311.39,347.88,290.33,308.41,305.51,308.14,304.86,314.95,291.23,315.03,371.80,307.92,354.54,308.31,356.32,315.23,371.65,315.20,
./P_45/1492719205697_12_-study-educational_advantages_of_social_networking_sites_writing_frames/1491424523634.png,1491424523634,0.12965136766433716,0.46399447321891785,0.1815667748451233,0.4062665104866028,0.14791666666666667,0.45,283.33,314.78,280.23,337.71,282.48,361.39,287.43,384.05,293.10,403.96,300.10,422.06,307.70,438.34,322.46,445.38,347.26,443.84,375.17,433.36,399.05,417.18,416.89,395.12,426.21,368.02,429.44,342.70,426.05,317.75,388.89,306.55,373.08,301.82,354.91,302.96,341.50,305.99,282.62,299.93,287.29,297.72,299.92,300.12,310.75,304.28,289.15,318.77,298.46,313.83,312.69,320.17,298.85,323.29,300.24,318.19,378.46,323.00,362.77,316.88,350.64,322.99,363.54,326.74,364.04,321.46,324.76,317.51,307.34,346.93,302.51,357.45,306.68,364.58,316.98,369.60,337.74,367.29,345.07,359.40,337.13,348.26,317.50,338.27,307.13,363.42,328.97,362.93,303.12,389.68,306.30,385.26,312.72,383.84,318.62,385.80,326.15,384.66,338.95,387.68,353.87,393.52,344.46,402.56,332.20,408.12,319.21,408.96,309.87,406.14,305.63,399.21,310.51,396.05,320.12,399.26,335.06,398.09,334.60,391.54,319.68,391.11,310.03,389.58,311.66,357.95,292.37,315.11,306.35,315.57,305.84,322.32,292.91,321.57,371.28,318.64,355.23,318.47,356.46,325.25,371.13,325.71,
./P_45/1492719205697_12_-study-educational_advantages_of_social_networking_sites_writing_frames/1491424523722.png,1491424523722,0.15167076885700226,0.4880618453025818,0.20393501222133636,0.4084705710411072,0.2828125,0.5041666666666667,283.13,315.18,279.86,337.57,281.76,361.03,286.33,383.69,291.94,403.34,298.99,421.11,306.61,437.34,321.30,444.57,346.02,443.29,374.11,433.19,398.35,417.70,416.57,396.22,426.23,369.44,429.77,344.43,426.90,320.03,389.96,310.44,374.34,305.86,356.14,306.97,342.70,309.96,283.46,302.53,288.20,300.76,300.81,303.49,311.59,307.88,289.80,321.18,299.28,316.53,313.35,323.12,299.51,326.09,300.92,320.82,378.93,326.41,363.27,320.28,351.17,326.36,363.95,330.23,364.46,324.78,325.58,321.06,307.69,349.98,302.61,360.17,306.71,367.34,317.19,373.00,338.03,370.42,345.43,362.69,337.53,351.69,318.12,342.16,307.20,366.87,329.34,366.69,302.20,390.35,306.19,387.20,312.69,386.53,318.48,388.59,325.94,387.50,338.68,390.00,354.18,394.83,344.45,403.97,331.95,409.52,318.76,410.27,309.22,407.29,304.79,400.13,309.96,397.17,319.80,400.48,334.96,399.47,334.53,393.92,319.44,393.65,309.63,391.67,312.07,361.98,293.16,317.67,307.14,318.39,306.51,325.21,293.59,324.19,371.75,322.06,355.72,321.83,356.90,328.69,371.55,329.18,
./P_45/1492719205697_12_-study-educational_advantages_of_social_networking_sites_writing_frames/1491424523905.png,1491424523905,0.21382121741771698,0.5492836236953735,0.1982342004776001,0.41890618205070496,0.23020833333333332,0.30666666666666664,280.68,315.56,277.37,337.11,279.15,360.44,283.86,383.25,289.94,403.04,297.35,420.79,305.22,437.15,319.61,444.14,343.61,443.04,371.33,433.14,396.02,418.38,415.20,397.57,425.60,370.96,429.58,345.96,426.80,321.83,388.77,314.24,372.67,311.52,354.57,314.59,341.41,318.86,283.44,306.95,288.71,307.09,300.99,311.73,311.35,317.19,289.21,325.24,299.19,320.56,313.12,328.05,299.10,331.08,300.84,325.08,378.24,330.09,362.49,323.88,350.12,330.91,363.18,334.87,363.65,328.64,324.88,326.67,306.70,354.87,301.76,364.67,305.87,371.85,316.15,377.88,336.80,374.83,344.09,367.26,336.49,356.60,317.27,348.05,306.09,372.22,328.22,372.00,301.58,392.80,305.66,390.28,311.97,389.81,317.50,391.93,324.63,390.70,337.14,392.88,352.61,397.07,342.75,405.94,330.62,411.39,317.77,412.14,308.58,409.34,304.29,402.31,309.40,398.90,318.88,401.84,333.67,401.00,333.24,397.19,318.35,397.23,308.90,395.06,311.11,367.90,292.74,321.58,307.26,322.66,306.28,330.21,292.99,328.89,371.20,325.57,354.58,325.67,355.91,333.34,370.92,333.49,
./P_45/1492719205697_12_-study-educational_advantages_of_social_networking_sites_writing_frames/1491424524001.png,1491424524001,0.19328993558883667,0.5439635515213013,0.2118259072303772,0.39498692750930786,0.08489583333333334,0.23083333333333333,278.92,314.97,275.89,336.68,278.13,360.26,283.07,383.39,289.31,403.24,296.83,420.92,304.73,437.29,319.22,444.21,343.19,442.96,370.75,433.24,395.53,418.73,415.03,397.93,425.64,370.50,429.80,344.96,426.90,320.30,387.14,315.00,370.23,313.31,351.98,317.15,338.95,321.74,282.30,308.93,287.81,310.07,300.02,315.16,310.26,320.58,287.70,326.35,297.71,321.75,311.80,329.17,297.63,332.42,299.30,326.11,377.05,330.14,360.94,324.25,348.59,331.51,361.85,335.44,362.29,328.90,323.31,327.74,305.47,356.55,300.80,366.46,304.97,373.54,315.04,379.39,335.51,376.15,342.75,368.60,335.16,357.92,315.81,349.64,304.89,374.01,327.03,373.48,301.24,394.29,305.04,391.76,311.07,391.16,316.48,393.24,323.46,391.86,335.82,393.90,351.29,397.90,341.41,406.64,329.53,412.10,316.96,412.92,308.04,410.34,303.98,403.51,308.91,399.68,318.01,402.36,332.46,401.44,332.01,398.36,317.40,398.63,308.30,396.58,309.76,369.83,291.21,322.72,305.92,323.75,304.90,331.45,291.45,330.16,369.85,325.75,352.93,326.13,354.45,333.93,369.68,333.85,
./P_45/1492719205697_12_-study-educational_advantages_of_social_networking_sites_writing_frames/1491424524093.png,1491424524093,0.12939390540122986,0.49423396587371826,0.1833750605583191,0.4686720669269562,0.043229166666666666,0.13083333333333333,277.82,314.45,275.12,336.18,277.80,359.86,282.95,383.30,289.26,403.45,296.76,421.47,304.51,438.15,318.99,444.93,342.92,443.50,370.33,433.51,395.11,418.61,414.72,397.31,425.18,368.93,429.23,343.00,425.92,318.03,384.94,315.37,367.47,314.50,349.31,318.69,336.37,323.23,280.58,310.78,286.05,312.52,298.12,317.53,308.36,322.54,285.97,326.88,295.84,322.60,310.09,329.34,295.88,332.65,297.47,326.50,375.39,329.43,359.00,324.19,346.76,331.15,360.17,334.80,360.60,328.42,321.24,328.08,303.65,357.37,299.52,367.44,303.66,374.42,313.57,380.20,334.06,376.63,341.15,368.99,333.73,358.33,313.87,350.34,303.25,374.93,325.63,374.03,300.93,395.78,304.05,393.02,309.74,392.25,315.25,394.26,322.30,392.77,334.54,394.71,349.76,398.68,339.97,406.95,328.32,412.18,316.06,413.01,307.48,410.72,303.65,404.36,308.22,400.14,316.99,402.58,331.20,401.58,330.72,399.09,316.27,399.61,307.45,397.66,307.97,370.94,289.42,323.47,304.08,324.28,303.14,331.62,289.72,330.51,367.99,325.41,351.04,325.99,352.73,333.41,367.98,333.13,
./P_45/1492719205697_12_-study-educational_advantages_of_social_networking_sites_writing_frames/1491424524271.png,1491424524271,0.14267975091934204,0.5611369609832764,0.19053055346012115,0.41817840933799744,0.27760416666666665,0.4075,275.35,313.98,272.90,335.81,275.86,359.78,281.31,384.13,287.81,405.01,295.43,423.82,303.19,441.03,317.96,447.72,342.64,445.66,370.48,434.15,395.09,417.56,413.96,394.87,423.42,365.68,426.78,339.63,422.75,314.78,380.66,315.30,363.20,315.40,345.40,319.48,332.71,323.50,276.92,312.14,282.26,314.36,294.19,318.84,304.35,323.09,282.80,326.73,292.41,323.05,306.56,328.53,292.61,331.75,294.12,326.18,372.07,328.19,355.71,323.92,343.76,329.98,357.12,333.18,357.71,327.40,317.48,327.97,300.01,356.92,296.35,367.34,300.45,374.28,310.26,380.30,331.11,376.14,338.07,368.22,330.67,357.50,310.15,350.31,299.70,374.93,322.66,373.74,299.35,397.09,301.59,394.24,306.83,393.42,312.47,395.38,319.64,393.83,331.79,395.58,346.82,399.39,337.42,407.39,325.88,412.48,313.81,413.37,305.54,411.25,301.92,405.26,306.11,401.02,314.53,403.50,328.54,402.22,327.93,399.63,313.68,400.43,305.17,398.42,304.32,371.20,286.16,323.78,300.45,324.31,299.69,330.69,286.63,329.84,364.55,324.77,348.01,325.49,349.81,331.97,364.71,331.53,
./P_45/1492719205697_12_-study-educational_advantages_of_social_networking_sites_writing_frames/1491424524543.png,1491424524543,0.12448804825544357,0.5363951325416565,0.13379698991775513,0.4538623094558716,0.3875,0.5725,276.66,314.13,274.27,335.40,277.00,359.25,282.35,383.52,288.66,404.45,295.79,423.64,302.70,441.74,316.96,449.03,341.64,447.09,369.43,434.87,393.79,417.51,412.34,394.19,421.54,365.05,424.71,339.52,421.09,316.12,380.13,319.25,362.95,318.80,345.05,322.79,332.18,326.75,275.55,313.22,280.43,315.29,292.30,320.35,302.40,325.24,281.63,328.47,291.06,325.44,305.29,330.78,291.15,333.62,292.77,328.43,371.22,332.20,354.83,328.09,342.85,333.35,356.06,336.69,356.49,331.35,316.36,331.31,298.76,358.11,295.16,368.09,298.89,374.92,308.73,381.81,330.03,377.46,336.93,369.60,329.79,359.23,308.84,352.74,298.21,376.12,321.57,375.43,298.51,397.26,300.55,394.92,305.70,394.50,311.36,396.52,318.66,395.23,331.01,397.03,346.05,400.77,336.98,409.54,325.17,415.04,312.73,415.81,304.16,413.13,300.79,406.44,305.01,402.94,313.56,406.15,327.80,404.90,327.08,400.81,312.64,401.45,303.91,399.04,302.82,373.02,284.90,325.92,299.07,326.79,298.31,332.77,285.34,331.59,363.59,328.99,347.22,329.33,348.82,335.39,363.69,335.28,
./P_45/1492719205697_12_-study-educational_advantages_of_social_networking_sites_writing_frames/1491424524720.png,1491424524720,0.16452163457870483,0.6640452146530151,0.14560875296592712,0.40760481357574463,0.2125,0.35833333333333334,278.21,314.10,275.11,335.35,277.44,358.95,282.64,382.95,289.12,403.41,296.44,422.07,303.25,440.00,317.10,447.48,340.88,446.19,367.83,435.02,392.02,418.88,411.01,396.63,420.98,367.86,424.69,342.77,421.47,319.53,380.74,323.09,363.81,322.23,345.94,325.39,333.05,328.75,278.76,314.19,283.66,316.50,295.42,321.56,305.40,326.45,284.36,328.45,293.76,325.73,307.49,331.47,293.55,333.89,294.99,328.63,371.42,334.41,355.29,330.01,343.61,334.94,356.29,338.52,356.76,333.15,318.44,332.04,300.88,359.12,296.77,368.89,300.40,375.71,310.32,382.88,331.29,378.92,338.30,371.34,331.33,360.89,310.96,353.92,299.98,377.16,323.18,377.11,299.06,396.42,301.86,394.91,307.12,395.03,312.71,397.25,319.99,396.04,332.17,397.71,347.22,401.10,338.04,409.87,326.14,415.35,313.74,415.80,305.03,412.87,301.55,405.88,306.04,402.67,314.77,406.14,328.98,405.26,328.23,401.47,313.89,402.02,305.00,399.20,304.89,374.40,287.73,326.02,301.57,327.30,300.60,333.26,287.92,331.68,363.85,331.10,347.86,331.01,349.30,337.08,363.86,337.30,
./P_45/1492719205697_12_-study-educational_advantages_of_social_networking_sites_writing_frames/1491424524808.png,1491424524808,0.10776510834693909,0.550591766834259,0.19198784232139587,0.3751816749572754,0.2046875,0.27416666666666667,278.78,313.97,275.44,335.27,277.54,358.78,282.56,382.87,289.16,403.15,296.57,421.49,303.24,439.20,317.01,446.74,340.41,445.58,366.68,434.74,390.53,419.19,409.52,397.55,419.75,369.11,423.79,344.28,421.03,321.02,381.72,325.14,365.08,323.58,346.88,326.15,333.75,329.24,279.63,314.96,284.73,316.90,296.87,321.78,307.08,326.69,285.49,328.07,295.02,325.35,308.58,331.31,294.70,333.56,296.03,328.24,371.71,334.93,355.73,330.26,344.08,335.11,356.58,338.80,357.06,333.39,319.65,331.77,302.01,358.97,297.67,368.70,301.27,375.56,311.28,382.72,331.92,379.03,338.96,371.57,332.13,361.05,312.24,353.82,300.99,376.98,324.08,377.23,299.24,395.71,302.42,394.37,307.78,394.69,313.35,396.99,320.59,395.81,332.57,397.45,347.44,400.81,338.30,409.62,326.48,415.11,314.10,415.45,305.29,412.44,301.73,405.31,306.39,402.21,315.23,405.78,329.35,405.00,328.67,401.21,314.44,401.69,305.45,398.73,306.17,374.39,288.98,325.62,302.77,327.01,301.73,332.99,289.08,331.31,364.20,331.49,348.32,331.18,349.65,337.28,364.15,337.70,
./P_45/1492719205697_12_-study-educational_advantages_of_social_networking_sites_writing_frames/1491424524903.png,1491424524903,0.21574896574020386,0.6036214828491211,0.2179780900478363,0.48889899253845215,0.3307291666666667,0.27416666666666667,278.98,313.71,275.48,335.15,277.38,358.65,282.02,382.89,288.50,403.11,295.93,421.21,302.71,438.55,316.71,446.09,340.06,445.02,365.95,434.56,389.41,419.48,408.15,398.33,418.40,370.17,422.73,345.50,420.47,322.05,382.61,326.14,366.16,323.85,347.71,325.73,334.41,328.41,280.01,315.00,285.40,316.51,297.89,321.01,308.32,325.72,286.10,327.25,295.74,324.47,309.26,330.53,295.40,332.67,296.59,327.34,371.96,334.75,356.12,329.82,344.41,334.55,356.85,338.36,357.37,332.94,320.57,330.77,302.85,358.32,298.44,368.08,302.02,374.94,312.00,381.82,332.15,378.57,339.20,371.24,332.62,360.62,313.25,352.86,301.83,376.01,324.62,376.48,299.23,395.24,302.58,393.54,308.08,393.80,313.62,396.14,320.84,395.00,332.60,396.81,347.05,400.58,337.98,409.16,326.34,414.47,314.08,414.69,305.26,411.71,301.67,404.68,306.40,401.47,315.28,405.02,329.25,404.34,328.69,400.51,314.64,400.78,305.60,397.89,307.19,373.43,289.68,324.75,303.50,326.16,302.42,332.14,289.73,330.45,364.53,331.17,348.70,330.65,349.95,336.76,364.43,337.38,
./P_45/1492719205697_12_-study-educational_advantages_of_social_networking_sites_writing_frames/1491424524993.png,1491424524993,0.19212019443511963,0.5934163928031921,0.2235328108072281,0.44512221217155457,0.203125,0.5408333333333334,278.81,313.81,275.27,335.38,277.14,358.82,281.54,382.88,287.85,402.90,295.27,420.70,302.22,437.51,316.29,444.92,339.49,443.98,365.21,434.12,388.44,419.60,407.05,398.96,417.40,371.14,422.00,346.52,420.03,322.76,383.19,325.09,366.91,322.10,348.36,323.55,334.93,326.11,279.85,313.86,285.47,314.67,298.29,318.81,308.92,323.45,286.22,326.28,295.97,323.29,309.53,329.46,295.67,331.66,296.87,326.30,372.19,333.92,356.50,328.73,344.62,333.49,357.12,337.47,357.71,331.98,321.04,329.16,303.32,357.24,298.90,367.01,302.51,373.87,312.39,380.27,332.08,377.51,339.15,370.29,332.71,359.61,313.79,351.12,302.45,374.46,324.69,374.97,299.11,394.54,302.51,392.25,308.14,392.23,313.62,394.56,320.72,393.43,332.28,395.55,346.32,399.88,337.25,408.21,325.84,413.35,313.77,413.55,305.06,410.64,301.49,403.76,306.22,400.26,315.03,403.70,328.76,403.09,328.35,399.30,314.54,399.29,305.55,396.67,307.77,371.56,289.88,323.65,303.76,325.00,302.70,331.11,289.91,329.48,364.87,330.20,349.03,329.55,350.19,335.80,364.72,336.55,
./P_45/1492719205697_12_-study-educational_advantages_of_social_networking_sites_writing_frames/1491424525088.png,1491424525088,0.17442119121551514,0.6053503751754761,0.19891560077667236,0.4459924101829529,0.15833333333333333,0.15166666666666667,278.76,314.42,275.20,335.76,276.95,358.95,281.19,382.84,287.19,402.81,294.46,420.42,301.59,436.59,315.49,443.63,338.51,442.79,364.38,433.33,387.65,419.15,406.08,398.89,416.36,371.80,421.11,347.47,419.10,323.57,383.27,322.90,367.35,319.07,348.86,320.01,335.34,322.44,279.67,312.50,285.40,312.23,298.39,315.74,309.23,320.13,286.37,325.63,296.19,322.45,309.76,328.34,295.99,330.77,297.35,325.59,372.30,332.78,356.92,327.46,344.82,332.07,357.42,336.20,358.15,330.85,321.11,327.02,303.07,355.46,298.72,365.28,302.38,372.13,312.02,377.77,331.54,375.64,338.58,368.49,332.26,357.80,313.65,348.42,302.42,371.96,323.95,372.35,299.07,394.13,302.08,390.80,307.72,390.14,313.19,392.44,320.24,391.31,331.72,393.95,345.28,399.17,336.30,407.17,325.13,412.08,313.23,412.28,304.77,409.57,301.32,402.98,305.92,399.00,314.51,402.18,328.07,401.61,327.74,397.80,314.03,397.38,305.24,395.25,307.47,368.36,290.09,322.96,303.94,324.03,302.99,330.12,290.14,328.75,365.17,329.00,349.41,328.23,350.46,334.50,364.97,335.34,
./P_45/1492719205697_12_-study-educational_advantages_of_social_networking_sites_writing_frames/1491424525447.png,1491424525447,0.15091408789157867,0.3713166117668152,0.2500368058681488,0.2931382954120636,0.2994791666666667,0.4716666666666667,280.90,316.45,277.95,337.61,279.44,359.54,282.90,381.64,287.14,401.03,292.25,418.76,298.00,434.83,311.91,441.91,335.76,440.68,362.15,431.03,385.48,416.59,403.73,396.55,413.69,370.78,417.75,346.92,415.79,322.52,381.86,315.25,366.12,310.70,347.57,311.88,334.29,315.00,279.60,308.62,284.48,307.15,297.10,309.85,307.68,313.99,286.32,320.84,295.48,315.82,308.85,322.42,295.73,325.08,297.05,319.78,370.11,324.71,355.04,318.32,343.44,324.81,355.74,328.16,356.52,322.60,319.37,320.38,301.79,347.85,297.68,357.88,301.40,364.80,310.28,369.22,329.38,367.51,336.31,360.27,329.47,349.42,311.53,340.25,300.78,363.72,321.50,363.24,297.99,389.63,299.70,383.87,305.48,382.20,310.84,384.20,317.84,382.99,329.58,386.23,342.45,393.11,333.67,401.74,322.53,407.07,310.47,407.75,302.18,405.37,298.99,398.61,303.39,395.43,311.61,398.31,325.32,397.07,325.55,389.73,311.65,389.17,303.31,387.84,305.10,359.03,289.51,317.03,303.17,317.50,302.35,324.18,289.94,323.47,363.38,320.07,347.54,319.94,348.94,326.74,363.07,327.22,
./P_45/1492719205697_12_-study-educational_advantages_of_social_networking_sites_writing_frames/1491424525539.png,1491424525539,0.2035781443119049,0.38561636209487915,0.24210548400878906,0.2621943950653076,0.36614583333333334,0.7383333333333333,280.73,316.17,277.87,337.47,279.41,359.43,283.16,381.34,287.47,400.73,292.42,418.60,297.88,434.91,311.69,442.09,335.64,440.71,362.06,430.77,385.44,416.05,403.79,395.84,413.78,370.12,417.67,346.20,415.51,321.68,380.80,313.48,364.93,309.37,346.63,310.91,333.50,314.21,279.16,307.24,283.88,306.09,296.19,309.00,306.58,313.23,285.76,319.67,294.83,314.69,308.12,321.28,295.09,323.70,296.45,318.58,369.53,323.33,354.43,317.05,342.93,323.61,355.22,326.64,356.03,321.27,318.46,319.56,300.91,346.55,296.73,356.54,300.45,363.41,309.41,368.25,328.96,366.11,335.88,358.83,328.82,348.06,310.53,339.33,299.73,362.71,320.89,362.18,296.98,387.92,298.72,382.26,304.71,380.78,310.26,382.76,317.46,381.59,329.67,384.63,342.94,391.45,334.01,400.79,322.49,406.57,310.00,407.38,301.40,404.83,298.02,397.61,302.52,395.13,311.08,398.27,325.30,396.82,325.52,387.99,311.14,387.61,302.48,386.08,304.06,358.10,288.91,315.90,302.44,316.40,301.63,322.87,289.40,322.15,362.76,318.76,346.99,318.75,348.48,325.35,362.47,325.72,
./P_45/1492719205697_12_-study-educational_advantages_of_social_networking_sites_writing_frames/1491424525633.png,1491424525633,0.30834150314331055,0.24719767272472382,0.3429945111274719,0.22955834865570068,0.2484375,0.6166666666666667,279.51,315.76,276.65,337.27,278.37,359.37,282.58,381.18,287.21,400.59,292.39,418.56,297.89,434.99,311.60,442.14,335.52,440.70,362.13,430.53,385.75,415.52,404.28,395.04,414.43,369.26,418.21,345.19,415.69,320.57,379.61,311.33,363.56,308.03,345.72,310.09,332.82,313.60,278.59,305.62,283.31,305.02,295.23,308.26,305.43,312.61,284.81,318.82,293.88,314.09,307.18,320.47,294.15,322.68,295.58,317.79,369.15,322.31,353.96,316.36,342.50,322.77,354.89,325.53,355.69,320.38,317.60,319.06,299.95,345.78,295.68,355.73,299.44,362.56,308.71,367.91,328.79,365.24,335.72,357.93,328.44,347.22,309.69,338.88,298.79,362.30,320.51,361.74,295.78,386.64,297.73,381.22,304.01,379.96,309.80,381.94,317.23,380.78,329.86,383.60,343.54,390.23,334.36,400.11,322.47,406.24,309.66,407.16,300.75,404.48,297.07,396.91,301.70,394.92,310.67,398.24,325.34,396.65,325.54,386.91,310.71,386.73,301.65,384.98,303.28,357.74,287.98,315.23,301.44,315.76,300.63,321.94,288.52,321.18,362.29,317.95,346.60,318.05,348.17,324.35,362.04,324.60,
./P_45/1492719205697_12_-study-educational_advantages_of_social_networking_sites_writing_frames/1491424525903.png,1491424525903,0.23509173095226288,0.1613326370716095,0.2799440622329712,0.2732486426830292,0.34270833333333334,0.23916666666666667,275.01,312.56,272.27,334.51,274.46,357.70,279.68,380.47,285.35,400.61,291.56,419.07,297.88,435.94,311.98,442.96,336.14,440.88,363.05,429.77,387.11,414.02,406.04,392.72,416.40,365.97,420.04,340.73,416.82,315.44,378.33,306.77,361.79,304.95,344.17,308.47,331.45,312.78,275.83,302.98,280.80,303.55,292.44,307.66,302.53,312.34,281.40,318.62,290.81,314.14,304.52,320.34,291.08,322.77,292.62,317.80,368.89,320.60,353.18,315.30,341.44,321.97,354.38,324.55,355.02,319.31,315.51,319.16,297.62,346.18,293.13,356.23,297.16,363.12,307.31,369.33,328.38,365.32,335.35,357.77,327.46,347.15,307.83,339.76,296.69,363.72,319.64,362.79,293.16,386.04,295.99,381.85,302.67,381.03,308.80,382.91,316.47,381.62,329.73,383.66,344.82,388.88,335.15,399.80,322.72,406.69,309.19,408.06,299.58,405.30,295.20,397.21,300.27,395.64,310.05,399.03,325.51,396.99,325.43,387.24,309.81,387.75,300.04,385.70,301.64,359.31,284.73,315.23,298.54,315.75,297.77,321.96,285.31,321.19,361.74,316.60,345.68,317.19,347.40,323.53,361.65,323.29,
./P_45/1492719205697_12_-study-educational_advantages_of_social_networking_sites_writing_frames/1491424526001.png,1491424526001,0.16918742656707764,0.10430631041526794,0.20398607850074768,0.16471855342388153,0.37916666666666665,0.2675,274.50,311.64,271.73,333.58,274.01,357.02,279.31,380.17,285.15,400.59,291.54,419.19,297.99,436.15,312.14,443.08,336.44,440.92,363.57,429.64,387.85,413.70,406.91,392.13,417.23,364.98,420.82,339.47,417.45,314.09,378.59,306.60,361.87,304.79,343.98,308.44,331.14,312.87,275.25,303.05,280.20,303.71,291.92,307.89,302.10,312.57,280.73,318.92,290.18,314.44,304.12,320.54,290.49,323.17,292.01,318.12,368.98,320.52,353.04,315.32,341.20,322.01,354.28,324.68,354.84,319.35,315.13,319.23,297.15,346.44,292.76,356.57,296.81,363.49,307.03,369.64,328.24,365.58,335.21,357.93,327.29,347.30,307.44,339.96,296.34,364.08,319.35,363.02,293.11,386.56,295.88,382.49,302.43,381.61,308.56,383.47,316.24,382.13,329.50,384.14,344.79,389.15,335.06,399.88,322.65,406.66,309.11,408.03,299.55,405.37,295.22,397.48,300.23,395.61,309.96,398.85,325.43,396.83,325.27,387.84,309.62,388.40,299.90,386.40,301.22,359.61,284.06,315.53,298.01,315.98,297.30,322.29,284.65,321.57,361.70,316.57,345.45,317.22,347.19,323.65,361.67,323.35,
./P_45/1492719205697_12_-study-educational_advantages_of_social_networking_sites_writing_frames/1491424526094.png,1491424526094,0.1598493903875351,0.13457313179969788,0.20245182514190674,0.1745002269744873,0.31979166666666664,0.4508333333333333,274.39,311.13,271.61,333.04,273.93,356.61,279.20,380.02,285.07,400.56,291.54,419.21,298.06,436.18,312.27,443.08,336.79,440.86,364.27,429.44,388.75,413.34,407.85,391.53,418.05,364.11,421.56,338.46,418.08,313.11,378.87,306.62,362.06,304.76,343.97,308.44,331.06,312.90,275.00,303.26,279.88,303.91,291.69,308.04,301.92,312.69,280.51,319.22,289.93,314.68,303.98,320.75,290.29,323.61,291.78,318.43,369.05,320.55,352.97,315.36,341.13,322.12,354.25,324.91,354.78,319.46,314.98,319.34,297.00,346.71,292.69,356.93,296.76,363.88,306.92,369.90,328.13,365.89,335.13,358.16,327.15,347.49,307.25,340.17,296.25,364.41,319.16,363.25,293.36,387.13,296.03,383.18,302.40,382.24,308.41,384.09,316.01,382.70,329.15,384.72,344.56,389.53,334.84,400.04,322.50,406.69,309.06,408.07,299.63,405.49,295.43,397.78,300.35,395.60,309.90,398.71,325.23,396.72,325.03,388.51,309.51,389.08,299.98,387.15,300.99,359.88,283.79,315.80,297.83,316.19,297.16,322.64,284.40,321.97,361.70,316.58,345.35,317.28,347.09,323.85,361.71,323.51,
./P_45/1492719205697_12_-study-educational_advantages_of_social_networking_sites_writing_frames/1491424526523.png,1491424526523,0.22385701537132263,0.11972805857658386,0.28054893016815186,0.22402139008045197,0.27447916666666666,0.49583333333333335,274.14,311.47,271.47,333.15,273.90,356.66,279.23,380.18,285.17,400.83,291.88,419.45,298.84,436.16,313.06,442.78,337.81,440.57,366.04,429.36,391.04,413.36,410.32,391.53,420.39,364.00,423.84,338.32,419.98,312.82,379.02,306.20,362.07,304.57,343.89,308.44,330.99,313.12,274.91,303.92,279.70,304.55,291.62,308.61,301.87,313.27,280.94,319.91,290.38,315.00,304.41,321.29,290.79,324.64,292.47,319.01,369.44,320.49,353.34,315.10,341.43,322.30,354.63,325.43,355.31,319.48,314.88,319.47,297.01,347.49,292.87,357.93,297.06,364.99,306.70,370.39,327.81,366.78,334.91,358.86,326.87,348.07,306.92,340.51,296.36,365.15,318.63,363.74,294.92,389.13,296.95,384.94,302.73,383.56,308.41,385.45,315.65,383.91,328.45,386.16,343.75,391.08,334.18,400.80,322.20,407.01,309.32,408.32,300.57,406.04,296.80,398.91,301.35,395.69,310.13,398.35,324.84,396.56,324.52,390.25,309.55,390.67,300.77,389.09,300.53,360.24,284.16,316.23,298.38,316.52,297.72,323.48,284.78,322.92,362.17,316.32,345.58,317.14,347.36,324.26,362.18,323.82,
./P_45/1492719205697_12_-study-educational_advantages_of_social_networking_sites_writing_frames/1491424526609.png,1491424526609,0.22819402813911438,0.2270408272743225,0.2620595395565033,0.29111358523368835,0.17395833333333333,0.29833333333333334,274.45,311.95,271.85,333.54,274.27,356.97,279.49,380.47,285.24,401.15,291.83,419.90,298.82,436.65,313.09,443.21,337.94,440.99,366.28,429.74,391.35,413.68,410.59,391.83,420.56,364.28,423.97,338.62,420.06,313.07,379.28,306.17,362.25,304.41,343.95,308.14,330.99,312.74,274.89,304.31,279.65,304.78,291.63,308.61,301.94,313.08,281.01,320.23,290.39,315.32,304.44,321.43,290.84,324.86,292.51,319.26,369.59,320.42,353.49,315.11,341.59,322.26,354.80,325.35,355.49,319.44,314.87,319.47,296.98,347.94,292.92,358.44,297.14,365.50,306.65,370.77,327.73,367.18,334.83,359.25,326.79,348.43,306.84,340.68,296.31,365.56,318.54,364.04,295.33,389.82,297.17,385.49,302.80,384.02,308.42,385.88,315.60,384.31,328.35,386.58,343.62,391.57,334.07,401.03,322.17,407.11,309.41,408.44,300.85,406.25,297.17,399.30,301.64,395.86,310.21,398.43,324.80,396.61,324.45,390.72,309.57,391.15,301.01,389.67,300.39,360.58,284.20,316.57,298.37,316.76,297.75,323.65,284.84,323.18,362.31,316.30,345.74,317.15,347.53,324.20,362.34,323.73,
./P_45/1492719205697_12_-study-educational_advantages_of_social_networking_sites_writing_frames/1491424526717.png,1491424526717,0.22845956683158875,0.2677423357963562,0.27054014801979065,0.22967971861362457,0.24947916666666667,0.2525,274.01,312.56,271.49,334.21,274.04,357.65,279.32,381.14,285.13,401.80,291.80,420.45,298.93,436.97,313.22,443.37,338.06,441.12,366.45,429.96,391.57,413.95,410.84,392.16,420.79,364.68,424.22,338.97,420.29,313.26,379.41,305.92,362.32,304.34,344.05,308.27,331.12,313.04,274.78,304.64,279.60,305.24,291.50,309.11,301.80,313.59,280.87,320.58,290.28,315.55,304.40,321.69,290.77,325.19,292.43,319.51,369.72,320.26,353.57,314.95,341.64,322.28,354.92,325.31,355.60,319.31,314.84,319.71,296.94,348.37,293.01,358.92,297.28,366.00,306.71,371.11,327.68,367.51,334.76,359.54,326.77,348.73,306.82,340.97,296.37,365.96,318.49,364.32,295.68,390.54,297.33,386.00,302.89,384.39,308.49,386.22,315.62,384.61,328.31,386.90,343.46,391.99,333.91,401.15,322.12,407.03,309.55,408.37,301.19,406.32,297.55,399.65,301.89,395.94,310.33,398.31,324.78,396.52,324.42,391.09,309.64,391.54,301.23,390.17,300.39,360.91,284.04,316.84,298.31,316.96,297.69,323.95,284.72,323.55,362.45,316.11,345.77,317.05,347.62,324.19,362.49,323.64,
./P_45/1492719205697_12_-study-educational_advantages_of_social_networking_sites_writing_frames/1491424527251.png,1491424527251,0.27088379859924316,0.1824551671743393,0.33975496888160706,0.2474265843629837,0.13645833333333332,0.40166666666666667,282.45,342.52,281.81,363.60,285.65,384.17,293.03,404.43,304.40,421.34,319.06,434.69,335.58,445.01,353.68,447.45,371.26,442.40,386.04,429.66,398.40,414.12,406.92,395.56,411.02,374.44,411.68,353.63,407.92,333.11,393.16,320.98,383.18,317.43,368.71,319.74,357.38,323.78,295.06,327.94,304.44,322.94,319.16,323.16,330.96,325.57,304.34,342.79,315.44,337.25,328.05,341.39,315.96,344.90,316.05,340.76,386.35,336.99,374.54,333.10,362.67,338.97,375.11,340.72,374.40,336.66,345.08,336.05,333.48,363.78,328.21,373.32,333.73,379.39,348.55,381.87,362.85,377.29,367.42,370.44,360.83,361.79,346.49,354.30,338.08,376.81,358.24,375.38,324.41,400.30,333.29,394.87,342.93,392.66,349.53,393.54,355.93,391.74,365.81,392.54,375.37,396.65,369.93,405.76,362.09,412.11,351.15,414.63,339.92,413.67,331.25,408.53,337.91,405.16,350.52,406.31,362.81,403.41,362.23,396.71,349.90,398.34,337.39,398.49,347.82,371.64,309.00,339.11,322.52,338.03,322.23,343.50,309.76,344.43,381.17,334.02,367.66,334.86,368.72,340.23,381.20,339.38,
./P_45/1492719205697_12_-study-educational_advantages_of_social_networking_sites_writing_frames/1491424527345.png,1491424527345,0.33563244342803955,0.15900446474552155,0.3494999408721924,0.27221620082855225,0.052083333333333336,0.14666666666666667,281.54,342.61,280.64,363.55,284.34,384.11,291.92,404.31,303.67,421.13,318.79,434.36,335.52,444.70,353.56,447.04,371.07,442.04,386.05,429.17,398.86,413.61,407.70,395.02,411.98,373.96,412.45,353.19,408.40,332.90,392.97,320.70,383.10,317.48,368.68,320.06,357.39,324.28,294.90,327.86,304.28,323.12,319.03,323.55,330.86,326.12,304.03,343.38,315.26,338.07,327.79,341.97,315.74,345.43,315.88,341.42,386.53,337.43,374.69,333.82,362.85,339.47,375.27,341.13,374.55,337.21,345.05,336.70,333.14,364.05,327.48,373.56,333.10,379.69,348.55,382.65,363.38,377.47,368.02,370.54,361.04,361.99,346.48,355.11,337.77,377.69,358.55,376.19,323.02,399.11,332.91,394.68,342.82,392.99,349.50,393.88,355.98,392.04,366.02,392.27,376.39,395.22,370.52,404.53,362.29,411.01,351.02,413.63,339.46,412.65,330.34,407.46,337.33,404.32,350.40,405.43,363.12,402.47,362.55,396.62,349.86,398.67,336.94,398.50,347.84,372.55,308.83,339.87,322.24,338.80,321.99,344.05,309.57,344.95,381.28,334.66,367.90,335.52,368.91,340.68,381.30,339.78,
./P_45/1492719205697_12_-study-educational_advantages_of_social_networking_sites_writing_frames/1491424527441.png,1491424527441,0.3198215961456299,0.16149266064167023,0.3425893187522888,0.302214115858078,0.4864583333333333,0.07166666666666667,280.31,342.51,279.08,363.35,282.53,383.93,289.96,404.19,302.03,421.07,317.79,434.08,335.17,444.07,353.41,445.97,371.21,441.31,386.88,428.48,400.32,412.87,409.32,394.04,413.33,373.02,413.47,352.34,409.06,332.34,393.23,320.41,383.19,317.24,368.57,319.86,357.06,324.03,294.23,327.82,303.90,323.00,318.93,323.38,330.98,325.86,303.39,343.56,314.89,338.22,327.67,341.91,315.39,345.50,315.57,341.51,386.98,337.42,374.91,333.85,362.79,339.37,375.47,341.09,374.73,337.19,344.94,336.29,332.62,364.01,326.94,373.51,332.64,379.70,348.50,382.52,363.72,377.38,368.40,370.37,361.39,361.86,346.40,354.78,337.63,377.63,358.60,376.11,321.82,398.42,332.37,394.14,342.57,392.49,349.44,393.41,356.10,391.51,366.39,391.63,377.34,394.30,370.79,402.53,362.20,408.18,350.78,410.58,339.08,409.87,329.70,405.58,336.59,401.77,350.13,402.37,363.37,399.81,362.96,396.25,349.81,398.42,336.41,398.22,347.79,372.24,308.34,340.05,321.98,338.81,321.78,344.09,309.09,345.08,381.60,334.69,367.99,335.46,368.96,340.65,381.62,339.75,
./P_45/1492719205697_12_-study-educational_advantages_of_social_networking_sites_writing_frames/1491424527625.png,1491424527625,0.31605055928230286,0.23258912563323975,0.32983696460723877,0.27766355872154236,0.19791666666666666,0.24333333333333335,279.40,340.71,278.31,361.84,281.74,382.62,288.50,403.26,300.03,420.17,315.80,432.75,333.59,442.28,352.73,444.33,372.09,439.73,389.64,427.24,404.07,411.75,413.07,392.53,416.67,371.07,416.78,350.15,412.77,330.13,395.27,320.09,384.64,317.33,369.69,319.98,358.10,323.85,293.90,326.94,303.91,322.59,319.11,323.09,331.13,325.45,302.54,343.03,314.23,337.82,327.52,341.30,314.83,345.16,314.93,341.02,388.93,337.27,376.37,333.75,363.96,339.07,377.01,341.05,376.27,336.98,345.38,335.75,332.46,363.05,326.73,372.69,332.46,378.98,348.56,381.69,364.27,376.89,369.16,369.77,361.96,361.04,346.55,354.06,337.52,376.67,358.83,375.23,320.91,397.81,331.99,393.79,342.35,392.29,349.16,393.30,355.91,391.42,366.38,391.59,378.07,394.00,370.83,401.43,361.77,406.27,350.10,408.40,338.30,407.82,328.88,404.19,335.78,399.79,349.52,400.09,363.14,397.97,362.98,396.24,349.52,398.29,335.91,398.02,347.69,371.27,307.54,339.60,321.59,338.33,321.45,343.65,308.39,344.64,383.31,334.56,369.24,335.32,370.25,340.49,383.34,339.68,
./P_45/1492719205697_12_-study-educational_advantages_of_social_networking_sites_writing_frames/1491424527723.png,1491424527723,0.3171464800834656,0.19348818063735962,0.34009653329849243,0.31206417083740234,0.22395833333333334,0.195,279.38,339.47,278.29,360.54,281.63,381.48,288.17,402.34,299.56,419.50,315.34,432.30,333.28,441.98,352.65,444.09,372.41,439.55,390.54,427.05,405.38,411.47,414.59,392.04,418.17,370.32,418.31,349.17,414.31,329.08,396.45,319.32,385.56,316.68,370.41,319.55,358.71,323.56,293.60,326.27,303.78,321.96,319.23,322.66,331.38,325.19,302.49,342.57,314.34,337.34,327.85,340.87,314.98,344.83,315.18,340.57,390.06,336.87,377.34,333.30,364.67,338.68,377.98,340.78,377.29,336.58,345.73,335.41,332.56,362.73,326.91,372.33,332.64,378.67,348.63,381.39,364.46,376.67,369.41,369.53,362.28,360.79,346.70,353.76,337.64,376.39,358.92,374.98,321.03,397.44,332.06,393.31,342.41,391.77,349.17,392.81,355.88,390.94,366.42,391.21,378.23,393.81,370.82,401.06,361.74,405.74,350.04,407.82,338.27,407.24,328.95,403.70,335.78,399.03,349.46,399.30,363.14,397.28,363.04,395.95,349.51,397.90,335.95,397.65,347.71,370.97,307.55,339.12,321.83,337.85,321.70,343.29,308.41,344.28,384.40,334.12,370.06,334.87,371.08,340.18,384.41,339.38,
./P_45/1492719205697_12_-study-educational_advantages_of_social_networking_sites_writing_frames/1491424527821.png,1491424527821,0.32543957233428955,0.19973641633987427,0.3095206618309021,0.31141337752342224,0.2640625,0.24666666666666667,279.34,338.09,278.17,359.11,281.39,380.27,287.80,401.55,299.15,419.04,314.98,432.10,333.06,441.99,352.64,444.22,372.65,439.62,391.01,427.03,406.09,411.41,415.43,391.86,419.06,369.89,419.29,348.55,415.36,328.31,397.63,319.20,386.72,316.44,371.30,319.25,359.46,323.29,293.52,325.96,303.72,321.60,319.41,322.33,331.67,324.92,302.60,342.28,314.59,337.15,328.14,340.61,315.21,344.62,315.47,340.34,391.01,336.76,378.23,333.22,365.41,338.46,378.83,340.70,378.20,336.47,346.17,335.22,332.70,362.31,326.95,371.96,332.70,378.39,348.75,381.25,364.76,376.49,369.78,369.30,362.60,360.47,346.97,353.59,337.70,376.21,359.14,374.84,321.16,397.13,332.33,393.29,342.60,391.87,349.30,392.95,355.96,391.10,366.47,391.31,378.47,393.68,371.02,400.96,361.90,405.63,350.13,407.71,338.35,407.07,329.04,403.47,335.94,398.76,349.58,399.10,363.27,397.08,363.17,396.10,349.63,398.04,336.13,397.69,347.83,370.85,307.76,338.90,322.11,337.65,321.99,343.06,308.58,344.03,385.32,334.04,370.89,334.74,371.86,340.05,385.31,339.29,
./P_45/1492719205697_12_-study-educational_advantages_of_social_networking_sites_writing_frames/1491424528275.png,1491424528275,0.12572790682315826,0.21523624658584595,0.23620888590812683,0.2522749900817871,0.1171875,0.1075,277.44,332.03,276.66,354.19,279.72,376.23,286.04,398.15,297.23,416.09,312.67,429.43,330.56,439.11,350.68,441.52,371.47,436.96,389.93,424.75,405.38,409.57,415.22,390.44,419.30,368.97,420.38,347.02,417.04,324.98,400.39,310.63,389.31,307.26,373.14,310.36,360.72,314.99,290.54,317.20,301.51,312.05,318.23,313.35,331.11,316.75,300.90,333.78,313.84,327.84,327.77,332.51,314.30,336.30,315.10,331.63,393.74,328.98,380.80,324.28,366.92,330.46,381.14,332.85,380.89,328.15,346.09,327.06,331.34,354.76,325.21,364.80,331.14,371.61,347.03,374.48,363.76,370.11,369.08,362.72,361.86,353.42,346.03,345.71,335.88,368.97,357.90,367.85,319.60,391.11,330.68,386.57,341.15,384.92,348.08,386.08,354.86,384.37,365.97,384.95,378.32,388.41,370.47,395.15,361.05,399.36,348.97,401.30,337.19,400.57,327.72,397.18,334.72,392.37,348.52,392.74,362.72,391.00,362.44,389.94,348.31,391.61,334.67,391.12,346.20,363.45,306.40,329.81,321.71,328.77,321.38,334.76,307.21,335.72,388.20,325.48,372.88,326.04,373.83,332.09,387.95,331.49,
./P_45/1492719205697_12_-study-educational_advantages_of_social_networking_sites_writing_frames/1491424528372.png,1491424528372,0.14987242221832275,0.27251574397087097,0.18030881881713867,0.2750370502471924,0.3260416666666667,0.37666666666666665,276.46,331.11,275.89,353.43,279.00,375.55,285.11,397.57,296.13,415.60,311.48,429.02,329.37,438.87,349.83,441.46,370.95,436.91,389.51,424.73,404.95,409.54,414.74,390.30,418.78,368.62,419.99,346.54,417.02,324.40,400.87,310.55,389.51,307.00,373.02,310.10,360.37,314.73,289.10,316.65,300.30,311.41,317.33,312.82,330.41,316.31,299.47,333.14,312.59,327.25,326.82,331.93,313.05,335.68,313.85,331.01,393.95,328.70,380.77,323.98,366.62,330.07,381.08,332.51,380.79,327.81,345.57,326.55,330.60,354.24,324.47,364.28,330.38,371.13,346.47,374.04,363.34,369.75,368.70,362.37,361.54,352.99,345.51,345.18,335.15,368.38,357.53,367.34,318.57,390.85,329.72,386.13,340.38,384.46,347.40,385.63,354.30,383.95,365.54,384.64,377.89,388.39,369.95,395.10,360.44,399.22,348.20,401.10,336.24,400.33,326.71,396.96,333.79,392.09,347.79,392.50,362.15,390.83,361.91,389.62,347.61,391.23,333.75,390.72,345.69,362.97,305.05,329.19,320.63,328.18,320.28,334.16,305.86,335.09,388.30,325.20,372.70,325.69,373.64,331.71,388.02,331.19,
./P_45/1492719205697_12_-study-educational_advantages_of_social_networking_sites_writing_frames/1491424528547.png,1491424528547,0.15854719281196594,0.26911360025405884,0.2091963291168213,0.29311972856521606,0.4640625,0.4608333333333333,275.23,329.42,275.03,352.06,278.31,374.41,283.94,396.50,294.43,414.69,309.41,428.33,326.99,438.75,347.97,441.79,369.74,437.34,388.62,425.52,404.38,410.52,414.54,391.06,418.68,368.39,420.12,345.71,417.75,323.10,402.31,310.84,389.98,306.66,372.37,309.82,359.08,314.58,286.20,316.17,297.47,310.76,315.08,312.34,328.60,315.97,296.33,332.59,309.57,326.78,324.59,331.36,310.13,335.16,310.75,330.46,394.09,328.39,380.13,323.71,365.59,329.69,380.47,332.17,379.96,327.47,344.04,326.01,328.88,353.98,322.85,364.01,328.71,370.90,345.07,373.93,362.25,369.65,367.72,362.25,360.53,352.74,343.97,344.83,333.39,368.14,356.41,367.06,316.44,390.47,327.76,385.64,338.62,384.07,345.72,385.22,352.83,383.56,364.36,384.27,377.13,388.17,368.82,394.92,358.99,398.96,346.41,400.80,334.11,399.95,324.60,396.58,331.80,391.61,346.08,392.09,360.83,390.45,360.68,389.32,345.98,390.95,331.81,390.38,344.11,362.91,301.93,328.70,317.96,327.64,317.65,333.64,302.76,334.56,388.03,324.94,371.82,325.37,372.78,331.32,387.77,330.92,
./P_45/1492719205697_12_-study-educational_advantages_of_social_networking_sites_writing_frames/1491424528641.png,1491424528641,0.15210431814193726,0.2328381985425949,0.18165260553359985,0.3349021375179291,0.5348958333333333,0.3575,274.79,328.85,274.80,351.61,278.18,374.05,283.56,396.09,293.78,414.28,308.56,427.95,326.04,438.51,347.21,441.68,369.26,437.36,388.37,425.81,404.26,410.94,414.56,391.42,418.68,368.40,420.21,345.45,418.09,322.67,402.66,310.92,389.90,306.67,372.03,309.89,358.56,314.67,285.01,315.94,296.32,310.60,314.02,312.29,327.64,315.97,295.08,332.46,308.38,326.68,323.72,331.32,308.96,335.09,309.54,330.35,394.08,328.43,379.81,323.73,365.10,329.75,380.18,332.22,379.60,327.49,343.33,326.12,328.13,354.35,322.26,364.31,328.08,371.16,344.39,374.27,361.61,369.99,367.11,362.62,360.03,353.12,343.23,345.09,332.64,368.42,355.80,367.34,315.58,390.51,326.89,385.60,337.82,384.08,344.97,385.21,352.18,383.57,363.86,384.28,376.78,388.33,368.26,394.89,358.30,398.75,345.62,400.53,333.25,399.66,323.78,396.44,330.93,391.35,345.32,391.82,360.26,390.27,360.14,389.32,345.25,390.93,330.95,390.35,343.33,363.33,300.68,328.58,316.91,327.54,316.60,333.59,301.52,334.47,387.87,324.97,371.39,325.40,372.38,331.37,387.61,330.99,
./P_45/1492719205697_12_-study-educational_advantages_of_social_networking_sites_writing_frames/1491424528821.png,1491424528821,0.13478928804397583,0.2947395145893097,0.19065868854522705,0.1673755645751953,0.22604166666666667,0.21583333333333332,274.05,328.15,274.16,351.06,277.71,373.64,283.05,395.77,293.14,413.98,307.75,427.64,324.92,438.34,346.07,441.67,368.38,437.41,387.95,426.01,404.33,411.21,415.05,391.46,419.37,367.88,420.96,344.56,418.87,321.58,402.84,310.82,389.65,306.44,371.36,309.79,357.65,314.71,283.61,315.95,294.83,310.51,312.74,312.25,326.55,316.01,293.64,332.51,306.96,326.76,322.62,331.28,307.64,335.19,308.20,330.41,393.89,328.33,379.25,323.72,364.42,329.72,379.69,332.25,379.06,327.46,342.31,325.96,326.96,354.26,321.14,364.24,326.95,371.13,343.36,374.27,360.87,369.97,366.45,362.54,359.22,352.97,342.08,345.00,331.49,368.43,354.86,367.26,314.35,390.47,325.70,385.66,336.64,384.17,343.80,385.31,351.09,383.64,362.89,384.35,376.15,388.27,367.37,394.94,357.23,398.83,344.39,400.62,331.92,399.75,322.49,396.47,329.65,391.30,344.10,391.75,359.22,390.19,359.18,389.46,344.10,391.11,329.74,390.52,342.10,363.31,299.24,328.67,315.63,327.55,315.39,333.65,300.10,334.56,387.47,324.92,370.74,325.39,371.75,331.37,387.26,330.99,
./P_45/1492719205697_12_-study-educational_advantages_of_social_networking_sites_writing_frames/1491424529004.png,1491424529004,0.2249496579170227,0.20797139406204224,0.25888094305992126,0.30837368965148926,0.38958333333333334,0.36666666666666664,273.56,327.69,273.57,350.80,277.27,373.65,282.72,396.06,292.87,414.42,307.49,428.06,324.61,438.63,345.65,441.87,367.99,437.64,387.89,426.37,404.67,411.56,415.75,391.56,420.25,367.52,421.87,343.77,419.48,320.48,402.49,310.29,389.16,306.27,371.00,309.79,357.38,314.76,283.53,316.17,294.73,310.91,312.53,312.63,326.27,316.28,293.47,332.67,306.80,326.91,322.53,331.28,307.53,335.34,308.12,330.54,393.73,327.95,378.99,323.46,364.15,329.50,379.53,332.02,378.94,327.20,341.98,325.82,326.55,354.21,320.91,364.27,326.74,371.16,343.05,374.16,360.57,369.88,366.14,362.43,358.94,352.79,341.67,344.85,331.22,368.41,354.42,367.10,314.14,390.89,325.34,385.99,336.22,384.37,343.40,385.50,350.72,383.78,362.48,384.54,375.76,388.45,366.83,394.98,356.72,398.73,343.95,400.51,331.58,399.78,322.24,396.68,329.26,391.33,343.63,391.60,358.75,390.07,358.80,389.63,343.69,391.29,329.41,390.80,341.66,363.12,299.08,328.83,315.50,327.60,315.31,333.74,299.95,334.73,387.26,324.59,370.45,325.16,371.52,331.17,387.11,330.69,
./P_45/1492719205697_12_-study-educational_advantages_of_social_networking_sites_writing_frames/1491424529099.png,1491424529099,0.23548421263694763,0.239767387509346,0.2813674807548523,0.26825717091560364,0.37135416666666665,0.3275,273.66,327.57,273.67,350.82,277.47,373.78,283.09,396.23,293.33,414.49,307.91,428.06,324.86,438.55,345.69,441.80,367.97,437.64,387.96,426.42,404.86,411.61,416.06,391.60,420.67,367.52,422.37,343.70,419.92,320.36,402.42,310.06,389.03,306.17,370.94,309.74,357.33,314.72,283.61,315.81,294.85,310.64,312.60,312.44,326.32,316.16,293.62,332.42,306.95,326.73,322.66,331.12,307.66,335.14,308.29,330.33,393.83,327.87,379.09,323.42,364.24,329.43,379.64,331.95,379.09,327.12,341.98,325.72,326.54,354.32,320.94,364.37,326.76,371.23,342.93,374.31,360.47,370.02,366.06,362.59,358.89,352.96,341.57,344.90,331.17,368.56,354.31,367.29,314.34,390.84,325.41,385.92,336.21,384.31,343.37,385.46,350.69,383.75,362.47,384.54,375.74,388.53,366.80,395.13,356.70,398.94,343.96,400.71,331.69,399.93,322.43,396.72,329.38,391.38,343.65,391.72,358.73,390.19,358.75,389.65,343.68,391.26,329.48,390.75,341.49,363.30,299.24,328.63,315.64,327.44,315.43,333.56,300.09,334.51,387.35,324.54,370.56,325.10,371.63,331.10,387.21,330.62,
./P_45/1492719205697_12_-study-educational_advantages_of_social_networking_sites_writing_frames/1491424529280.png,1491424529280,0.21392406523227692,0.20008280873298645,0.25457918643951416,0.33306264877319336,0.3880208333333333,0.25583333333333336,273.71,327.50,273.86,350.87,277.63,373.86,283.31,396.63,293.65,415.05,308.24,428.83,325.24,439.44,346.24,442.67,368.69,438.35,388.63,426.81,405.44,411.79,416.58,391.76,421.08,367.69,422.81,343.93,420.25,320.31,402.28,310.25,389.08,306.78,371.21,310.14,357.66,314.87,283.68,316.60,295.06,311.45,312.96,312.97,326.73,316.43,294.51,331.58,308.01,325.79,323.38,330.38,308.63,334.22,309.41,329.32,394.06,326.99,379.55,322.42,364.71,328.62,380.09,331.02,379.86,326.06,342.29,325.34,326.78,354.55,321.24,364.79,327.09,371.73,343.01,374.88,360.54,370.51,366.14,362.99,359.06,353.21,341.76,345.14,331.24,369.10,354.56,367.84,314.99,391.68,325.78,386.74,336.46,385.19,343.67,386.40,350.96,384.66,362.65,385.35,375.69,389.42,366.91,395.82,356.90,399.58,344.30,401.31,332.20,400.58,322.96,397.44,329.83,392.06,343.95,392.42,358.91,390.88,358.88,390.35,343.94,392.02,329.89,391.41,341.63,364.07,300.22,327.69,316.62,326.57,316.29,332.69,301.05,333.61,387.74,323.54,371.01,324.15,372.15,330.20,387.57,329.67,
./P_45/1492719205697_12_-study-educational_advantages_of_social_networking_sites_writing_frames/1491424529648.png,1491424529648,0.20925462245941162,0.20477069914340973,0.23968011140823364,0.2410380244255066,0.12083333333333333,0.4533333333333333,275.06,331.61,274.07,352.94,277.26,375.20,283.23,397.95,294.54,416.71,310.53,430.77,329.00,441.62,349.47,444.22,370.03,439.57,388.36,426.80,403.83,411.06,413.85,391.00,417.82,367.60,418.67,344.92,415.45,323.73,400.40,317.24,388.77,313.91,372.06,317.04,359.29,321.47,288.52,323.73,299.44,319.15,316.21,320.33,329.34,323.27,298.18,340.03,311.06,335.12,325.62,338.54,311.61,342.55,311.94,338.23,392.08,334.60,378.53,331.18,364.62,336.33,379.02,338.66,378.26,334.37,344.71,333.56,330.09,361.21,324.60,370.77,330.33,377.40,346.91,380.81,363.27,375.63,368.31,368.46,361.63,359.51,345.42,352.59,335.29,375.52,357.76,374.19,317.82,395.82,329.42,392.01,340.11,390.80,347.17,391.85,354.17,390.03,365.00,390.10,377.26,392.56,369.39,399.85,360.09,404.38,347.80,406.51,335.49,405.80,325.93,402.22,333.07,397.26,347.35,397.66,361.69,395.60,361.68,394.97,347.41,397.02,333.27,396.51,346.15,370.65,303.79,336.79,319.07,335.55,318.91,341.02,304.51,341.95,386.04,331.97,370.63,332.62,371.54,337.99,385.99,337.24,
./P_45/1492719205697_12_-study-educational_advantages_of_social_networking_sites_writing_frames/1491424529919.png,1491424529919,0.3832368850708008,0.27610915899276733,0.3782580494880676,0.3173532485961914,0.43385416666666665,0.06166666666666667,275.74,337.72,274.41,358.61,277.65,379.94,284.58,401.53,296.81,419.26,313.55,432.47,332.52,442.35,352.15,444.12,371.30,439.41,388.42,426.32,402.77,410.46,411.84,391.04,415.46,369.32,415.69,348.03,411.58,327.95,395.61,318.48,385.04,315.90,369.83,318.97,357.98,323.20,291.69,325.92,302.52,321.58,318.37,322.46,330.84,325.06,300.91,342.51,313.29,337.44,326.79,340.87,313.75,344.84,314.02,340.59,389.32,336.41,376.77,333.07,363.73,338.34,377.29,340.45,376.54,336.26,345.13,335.30,331.74,363.36,325.98,372.94,331.84,379.31,348.35,382.24,364.04,377.07,368.87,369.99,361.98,361.33,346.54,354.22,337.12,377.25,358.78,375.85,319.96,397.49,331.53,393.55,342.09,392.06,349.02,393.08,355.72,391.16,366.14,391.20,377.71,393.49,370.48,400.81,361.65,405.65,349.97,407.86,338.02,407.32,328.35,403.75,335.37,398.88,349.33,399.10,362.96,396.95,362.83,396.16,349.31,398.32,335.48,398.02,347.86,371.97,306.31,339.16,320.80,337.89,320.59,343.31,307.04,344.30,383.76,333.81,369.37,334.55,370.31,339.89,383.75,338.98,
./P_45/1492719205697_12_-study-educational_advantages_of_social_networking_sites_writing_frames/1491424530019.png,1491424530019,0.42268314957618713,0.22041910886764526,0.3863728940486908,0.3246057331562042,0.4322916666666667,0.27666666666666667,276.15,338.93,274.82,360.05,278.19,381.32,285.30,402.74,297.61,420.15,314.29,433.03,333.05,442.58,352.49,444.35,371.54,439.62,388.61,426.64,402.83,410.83,411.74,391.46,415.31,369.90,415.49,348.76,411.30,328.73,394.86,319.12,384.49,316.69,369.57,319.65,357.92,323.74,292.30,326.33,302.94,322.16,318.50,322.96,330.74,325.50,301.37,342.70,313.55,337.62,326.84,341.06,314.01,344.96,314.18,340.75,388.72,336.73,376.30,333.39,363.53,338.63,376.84,340.67,376.09,336.54,345.10,335.63,331.95,363.33,326.17,372.97,332.03,379.33,348.42,382.23,363.98,377.10,368.81,369.98,361.85,361.30,346.55,354.37,337.29,377.25,358.77,375.86,320.40,397.67,331.87,393.80,342.31,392.36,349.17,393.39,355.82,391.48,366.12,391.50,377.59,393.70,370.48,401.02,361.69,405.86,350.15,408.04,338.34,407.49,328.73,403.93,335.69,399.23,349.51,399.48,362.98,397.34,362.81,396.33,349.48,398.48,335.79,398.17,347.91,371.95,306.66,339.34,320.94,338.11,320.73,343.44,307.42,344.42,383.20,334.13,369.04,334.88,369.99,340.12,383.20,339.23,
./P_45/1492719205697_12_-study-educational_advantages_of_social_networking_sites_writing_frames/1491424530203.png,1491424530203,0.424128919839859,0.1505165547132492,0.4435393512248993,0.33742114901542664,0.37395833333333334,0.19166666666666668,277.26,340.46,275.99,361.69,279.45,382.77,286.54,403.89,298.64,421.03,314.99,433.73,333.30,443.12,352.49,444.93,371.57,440.21,388.78,427.38,403.02,411.58,411.89,392.22,415.44,370.76,415.54,349.76,411.33,329.75,394.58,319.67,384.26,317.11,369.36,319.96,357.80,324.04,292.70,326.85,302.96,322.61,318.33,323.26,330.44,325.78,301.64,343.07,313.51,337.94,326.72,341.30,314.06,345.19,314.16,341.06,388.28,337.06,375.88,333.69,363.38,338.90,376.46,340.87,375.70,336.83,344.90,335.91,331.94,363.14,326.20,372.84,332.04,379.20,348.24,382.00,363.74,376.98,368.59,369.80,361.51,361.08,346.27,354.31,337.21,377.03,358.47,375.61,320.85,397.93,332.01,393.99,342.23,392.50,348.95,393.52,355.53,391.61,365.72,391.72,377.11,393.98,370.06,401.22,361.29,405.98,349.93,408.13,338.36,407.59,328.96,404.10,335.78,399.48,349.30,399.74,362.57,397.60,362.42,396.46,349.29,398.57,335.89,398.28,347.57,371.63,306.76,339.70,320.82,338.42,320.68,343.66,307.58,344.69,382.76,334.45,368.76,335.20,369.72,340.33,382.77,339.47,
./P_45/1492719205697_12_-study-educational_advantages_of_social_networking_sites_writing_frames/1491424530298.png,1491424530298,0.42193472385406494,0.18150213360786438,0.4421998858451843,0.3176008462905884,0.4192708333333333,0.15166666666666667,277.05,340.95,275.68,362.05,279.06,383.08,286.17,404.16,298.34,421.32,314.82,434.01,333.21,443.34,352.33,445.07,371.36,440.40,388.68,427.58,403.07,411.82,412.03,392.52,415.64,371.19,415.73,350.26,411.46,330.30,394.73,319.71,384.39,316.90,369.32,319.75,357.65,323.93,292.43,327.00,302.71,322.51,318.27,323.12,330.51,325.71,301.51,343.49,313.42,338.30,326.67,341.63,314.00,345.63,314.15,341.46,388.38,337.41,375.97,333.99,363.39,339.19,376.52,341.27,375.77,337.18,344.83,335.96,331.81,363.35,326.00,373.07,331.88,379.45,348.11,382.14,363.67,377.22,368.55,370.02,361.40,361.30,346.16,354.36,337.11,377.21,358.28,375.79,320.70,398.15,331.90,394.14,342.10,392.58,348.77,393.62,355.28,391.70,365.45,391.87,376.91,394.19,369.80,401.37,361.06,406.13,349.73,408.28,338.21,407.75,328.82,404.27,335.63,399.47,349.09,399.69,362.30,397.58,362.20,396.77,349.11,398.82,335.76,398.59,347.42,371.65,306.65,340.09,320.75,338.75,320.64,344.05,307.48,345.13,382.85,334.77,368.81,335.49,369.74,340.70,382.86,339.86,
./P_45/1492719205697_12_-study-educational_advantages_of_social_networking_sites_writing_frames/1491424530393.png,1491424530393,0.325880229473114,0.20938706398010254,0.33054500818252563,0.38508591055870056,0.428125,0.11333333333333333,277.50,340.88,276.27,361.98,279.64,383.00,286.53,404.01,298.43,421.17,314.62,433.91,332.84,443.34,352.05,445.22,371.28,440.57,388.73,427.88,403.14,412.20,412.12,392.91,415.71,371.52,415.86,350.51,411.76,330.48,394.89,320.03,384.50,317.39,369.53,320.33,357.94,324.51,292.47,327.15,302.70,322.83,318.15,323.59,330.29,326.25,301.50,343.61,313.40,338.40,326.69,341.88,313.98,345.81,314.17,341.61,388.58,337.73,376.13,334.23,363.53,339.54,376.71,341.61,375.97,337.47,344.84,336.50,331.76,363.55,326.01,373.20,331.83,379.59,347.95,382.37,363.54,377.46,368.42,370.28,361.34,361.56,346.06,354.76,336.96,377.38,358.17,375.99,320.55,398.30,331.69,394.34,341.90,392.83,348.58,393.87,355.14,391.99,365.36,392.16,376.85,394.51,369.68,401.63,360.87,406.28,349.49,408.39,337.94,407.84,328.58,404.40,335.39,399.72,348.88,399.95,362.18,397.89,362.08,396.95,348.91,398.98,335.53,398.69,347.24,371.96,306.61,340.18,320.77,338.91,320.64,344.27,307.45,345.29,383.06,335.03,368.93,335.77,369.90,341.02,383.05,340.20,
./P_45/1492719205697_12_-study-educational_advantages_of_social_networking_sites_writing_frames/1491424530646.png,1491424530646,0.24564728140830994,0.35723453760147095,0.2822699546813965,0.36527538299560547,0.4015625,0.09333333333333334,277.39,340.63,276.00,361.77,279.28,382.82,286.06,403.84,297.90,421.07,314.17,433.84,332.51,443.23,351.74,445.11,371.02,440.69,388.72,428.22,403.34,412.63,412.45,393.31,416.12,371.88,416.35,350.85,412.27,330.82,395.12,320.25,384.66,317.62,369.75,320.45,358.13,324.50,292.64,326.83,302.97,322.58,318.38,323.40,330.52,326.06,301.55,343.37,313.53,338.24,326.86,341.72,314.06,345.60,314.28,341.42,388.84,337.97,376.36,334.42,363.67,339.60,376.90,341.75,376.19,337.63,345.02,336.35,331.76,363.47,326.04,373.10,331.82,379.51,347.94,382.26,363.56,377.55,368.49,370.40,361.53,361.62,346.16,354.58,337.02,377.21,358.17,375.94,320.43,398.36,331.54,394.28,341.80,392.72,348.53,393.80,355.15,391.94,365.41,392.28,376.83,394.88,369.54,401.68,360.68,406.06,349.34,408.02,337.83,407.47,328.51,404.21,335.24,399.35,348.77,399.55,362.12,397.68,362.05,397.05,348.83,398.95,335.40,398.66,347.28,371.74,306.70,339.98,320.93,338.75,320.76,344.09,307.51,345.06,383.31,335.25,369.13,335.89,370.06,341.13,383.28,340.39,
./P_45/1492719205697_12_-study-educational_advantages_of_social_networking_sites_writing_frames/1491424530740.png,1491424530740,0.22821654379367828,0.33418330550193787,0.24099203944206238,0.3405914306640625,0.29010416666666666,0.16083333333333333,278.63,340.10,277.10,361.45,280.14,382.54,286.30,403.54,297.58,420.67,313.56,433.14,331.89,442.24,351.47,444.21,371.10,439.97,389.03,428.26,403.80,413.25,412.86,394.09,416.25,372.36,416.35,351.13,412.16,330.81,395.73,320.61,385.04,317.02,369.50,318.99,357.60,322.48,292.99,326.96,303.16,321.85,318.96,321.81,331.24,323.91,302.12,342.72,313.95,337.55,327.31,340.68,314.58,344.67,314.62,340.67,388.75,337.53,376.27,333.87,363.56,338.66,376.68,340.97,376.11,337.02,345.13,334.57,332.14,361.70,326.38,371.37,332.13,377.69,347.95,379.93,363.40,375.84,368.36,368.82,361.35,359.94,346.18,352.39,337.38,375.00,357.85,373.78,320.18,396.36,331.58,392.10,341.85,390.49,348.52,391.56,355.11,389.74,365.45,390.16,377.24,392.98,369.75,399.54,360.79,403.65,349.27,405.52,337.61,405.02,328.30,401.97,335.08,397.05,348.74,397.19,362.30,395.44,362.17,394.90,348.81,396.61,335.33,396.49,347.23,369.14,307.28,339.35,321.27,337.93,321.25,343.12,308.05,344.24,383.14,334.81,369.11,335.20,369.87,340.27,383.08,339.76,
./P_45/1492719205697_12_-study-educational_advantages_of_social_networking_sites_writing_frames/1491424530839.png,1491424530839,0.2407740354537964,0.32905805110931396,0.2887190580368042,0.3628760576248169,0.1953125,0.10916666666666666,279.18,340.41,277.33,361.73,280.05,382.44,285.98,403.10,297.09,420.14,313.15,432.51,331.66,441.47,351.29,443.40,371.00,439.34,389.27,427.92,404.31,413.09,413.44,394.05,416.83,372.59,416.75,351.72,412.36,331.47,395.84,320.16,385.24,315.88,369.45,317.12,357.36,320.24,293.54,326.25,303.51,320.53,319.42,319.79,331.82,321.56,302.82,341.26,314.50,335.98,327.70,338.91,315.19,342.85,315.12,339.03,388.40,336.32,376.02,332.49,363.48,337.01,376.34,339.34,375.89,335.56,345.27,332.31,332.29,359.42,326.36,369.17,332.14,375.54,347.97,377.46,363.50,373.76,368.52,366.73,361.36,357.73,346.26,349.87,337.57,372.57,357.73,371.41,319.97,394.69,331.37,390.02,341.78,388.28,348.50,389.41,355.15,387.55,365.64,388.15,377.48,391.43,369.98,398.06,360.88,402.20,349.23,404.00,337.45,403.52,328.04,400.40,334.91,395.52,348.73,395.66,362.47,393.95,362.30,392.86,348.77,394.42,335.15,394.41,347.24,366.30,307.96,337.84,321.70,336.29,321.74,341.31,308.76,342.54,382.79,333.53,368.98,333.70,369.66,338.61,382.67,338.29,
./P_45/1492719205697_12_-study-educational_advantages_of_social_networking_sites_writing_frames/1491424531020.png,1491424531020,0.28432175517082214,0.5896037817001343,0.2739589214324951,0.41803136467933655,0.225,0.10666666666666667,280.56,341.29,278.48,362.31,280.82,382.31,286.57,402.28,297.41,419.18,313.25,431.64,331.62,440.58,351.03,442.41,370.75,438.45,389.35,427.05,404.73,412.25,414.03,393.46,417.57,372.78,417.31,352.56,412.69,332.38,395.52,318.32,385.23,313.72,369.60,314.46,357.56,317.38,294.92,324.84,304.44,318.78,320.07,317.46,332.39,318.91,304.12,339.24,315.51,333.75,328.32,336.58,316.26,340.36,316.21,336.74,388.07,334.01,375.94,329.99,363.79,334.51,376.26,336.64,375.95,333.02,345.51,329.69,332.34,356.67,326.20,366.56,332.04,373.05,347.92,374.79,363.74,371.21,368.81,364.06,361.32,354.95,346.26,347.05,337.47,369.94,357.66,368.68,319.97,392.91,331.13,387.96,341.61,386.12,348.40,387.27,355.13,385.35,365.79,385.99,377.68,389.53,370.13,396.22,360.85,400.42,349.12,402.24,337.38,401.85,327.85,398.68,334.79,394.03,348.64,394.11,362.54,392.33,362.36,390.66,348.65,392.23,335.05,392.26,347.05,363.30,309.14,335.72,322.49,334.02,322.55,338.84,310.01,340.19,382.58,331.10,369.10,331.24,369.80,335.96,382.40,335.69,
./P_45/1492719205697_12_-study-educational_advantages_of_social_networking_sites_writing_frames/1491424531207.png,1491424531207,0.24992455542087555,0.5603742599487305,0.30018359422683716,0.5175423622131348,0.2015625,0.2125,280.26,341.28,278.58,362.20,281.11,382.20,287.02,402.32,297.81,419.34,313.41,431.96,331.65,440.87,351.07,442.61,370.87,438.31,389.51,426.55,405.02,411.60,414.49,392.84,418.23,372.31,418.15,351.96,413.57,331.46,395.87,316.50,385.64,312.77,370.35,314.36,358.59,317.86,295.16,324.85,304.85,319.23,320.36,318.37,332.55,320.06,304.37,339.40,315.93,333.64,328.72,336.71,316.72,340.63,316.87,336.77,389.06,332.85,376.96,328.84,364.75,333.99,377.46,335.94,377.19,332.03,345.92,330.02,332.45,356.90,326.37,366.89,332.33,373.48,348.16,375.25,364.07,371.30,369.10,364.06,361.51,354.94,346.47,347.50,337.47,370.44,357.96,368.89,320.69,393.81,331.54,388.81,341.87,386.83,348.60,387.93,355.22,385.94,365.78,386.49,377.54,389.86,370.04,396.64,360.92,400.92,349.34,402.93,337.86,402.69,328.37,399.55,335.28,394.85,348.79,394.76,362.48,392.78,362.41,391.22,348.81,392.97,335.55,393.04,347.16,363.89,309.41,335.70,322.98,333.95,323.00,339.01,310.35,340.46,383.69,329.84,369.99,330.38,370.89,335.35,383.54,334.77,
./P_45/1492719205697_12_-study-educational_advantages_of_social_networking_sites_writing_frames/1491424531394.png,1491424531394,0.4030808210372925,0.6450635194778442,0.39334559440612793,0.5404853224754333,0.23541666666666666,0.18166666666666667,279.32,339.82,278.08,361.04,281.19,381.82,287.39,402.74,298.46,420.03,314.16,432.68,332.37,441.47,351.85,443.04,371.54,438.60,389.83,426.70,405.24,411.63,414.80,392.58,418.61,371.30,418.86,350.05,414.42,329.14,397.66,315.42,386.95,312.13,371.45,314.66,359.54,318.75,293.98,325.07,304.39,319.54,320.37,319.29,332.89,321.32,303.29,340.83,315.39,335.36,328.82,338.04,316.19,342.25,316.53,338.37,391.33,333.29,378.90,329.80,365.96,334.88,379.46,336.83,379.07,332.91,346.57,331.21,332.82,358.67,327.08,368.55,333.08,375.03,349.06,376.90,364.97,372.59,369.90,365.46,362.59,356.47,347.26,348.93,338.14,372.05,358.97,370.32,321.30,394.92,332.27,389.87,342.63,387.75,349.42,388.72,356.05,386.75,366.54,387.27,378.29,390.52,370.53,397.04,361.63,401.13,350.15,403.26,338.71,403.12,329.26,400.28,336.04,395.11,349.52,394.83,363.12,392.79,363.21,392.24,349.63,394.10,336.34,394.27,348.09,365.66,308.61,337.35,322.71,335.48,322.80,340.53,309.50,342.09,385.83,330.60,371.62,331.32,372.52,336.30,385.77,335.51,
./P_45/1492719205697_12_-study-educational_advantages_of_social_networking_sites_writing_frames/1491424531485.png,1491424531485,0.43682366609573364,0.6006003618240356,0.411012202501297,0.6046363115310669,0.3234375,0.3325,278.85,339.33,277.70,360.66,280.84,381.70,287.09,402.76,298.33,420.09,314.24,432.69,332.68,441.50,352.42,443.14,372.23,438.56,390.40,426.51,405.61,411.38,414.96,392.28,418.67,370.98,418.91,349.60,414.69,328.72,398.74,315.06,388.01,311.47,372.23,314.19,360.19,318.52,293.36,324.36,303.94,318.63,320.27,318.63,332.97,320.97,302.86,340.91,315.12,335.35,328.79,338.24,315.93,342.53,316.25,338.53,392.16,333.58,379.61,329.96,366.46,335.18,380.13,337.26,379.62,333.24,347.01,331.39,333.29,358.67,327.39,368.51,333.42,374.99,349.64,376.96,365.54,372.59,370.50,365.45,363.13,356.52,347.85,349.03,338.66,372.06,359.59,370.42,321.24,394.50,332.62,389.55,343.17,387.50,349.94,388.46,356.53,386.54,367.09,387.01,379.00,390.13,371.28,397.01,362.35,401.34,350.68,403.57,338.96,403.30,329.36,400.22,336.33,395.15,350.04,394.99,363.75,392.87,363.81,392.07,350.15,393.93,336.63,394.08,348.79,365.71,308.23,337.37,322.57,335.55,322.67,340.79,309.14,342.31,386.62,330.82,372.21,331.52,373.08,336.68,386.56,335.91,
./P_45/1492719205697_12_-study-educational_advantages_of_social_networking_sites_writing_frames/1491424531576.png,1491424531576,0.4326077103614807,0.5619940757751465,0.42022716999053955,0.6187180876731873,0.34375,0.2725,279.29,338.66,278.21,360.07,281.33,381.21,287.49,402.28,298.72,419.63,314.64,432.28,333.02,441.28,352.93,443.09,372.89,438.48,390.90,426.35,405.90,411.16,415.10,392.02,418.71,370.71,418.97,349.34,415.09,328.55,400.07,315.23,389.30,311.37,373.27,314.12,361.06,318.53,293.19,323.65,303.75,317.92,320.22,318.16,333.03,320.74,302.65,340.46,314.96,334.93,328.83,337.97,315.75,342.15,316.01,338.15,393.02,333.67,380.30,329.98,367.04,335.17,380.76,337.26,380.12,333.28,347.53,331.46,333.72,358.32,327.74,368.10,333.73,374.62,350.18,376.86,366.17,372.36,371.15,365.19,363.80,356.28,348.44,349.00,339.05,371.82,360.32,370.30,321.34,393.78,332.98,389.07,343.65,387.22,350.44,388.18,357.11,386.31,367.73,386.70,379.77,389.66,372.02,396.54,362.95,400.83,351.15,403.03,339.25,402.65,329.57,399.56,336.64,394.64,350.56,394.60,364.41,392.52,364.44,391.72,350.67,393.63,336.94,393.62,349.40,365.69,308.02,336.92,322.51,335.22,322.58,340.46,308.93,341.88,387.38,330.88,372.85,331.51,373.68,336.66,387.29,335.97,
./P_45/1492719205697_12_-study-educational_advantages_of_social_networking_sites_writing_frames/1491424531679.png,1491424531679,0.4182133674621582,0.6051579713821411,0.4063526391983032,0.5710277557373047,0.3927083333333333,0.37333333333333335,278.81,338.17,277.76,359.53,280.90,380.74,287.22,401.86,298.68,419.30,314.87,432.01,333.52,441.03,353.49,442.77,373.38,438.11,391.22,425.89,406.06,410.73,415.18,391.76,418.87,370.70,419.29,349.36,415.68,328.51,401.17,314.35,390.28,310.22,374.03,313.12,361.65,317.75,292.92,322.32,303.70,316.60,320.25,317.11,333.22,319.93,302.20,340.12,314.66,334.61,328.76,337.73,315.42,341.90,315.67,337.88,393.94,333.43,381.07,329.72,367.60,334.93,381.49,337.07,380.70,333.08,347.94,331.11,333.94,358.28,327.85,368.04,333.88,374.57,350.63,376.91,366.76,372.30,371.78,365.12,364.41,356.27,348.95,348.81,339.32,371.78,360.90,370.28,321.32,393.59,333.12,388.79,343.98,386.92,350.86,387.86,357.59,386.00,368.38,386.40,380.52,389.43,372.73,396.52,363.58,400.98,351.63,403.23,339.56,402.79,329.73,399.57,336.93,394.60,351.06,394.61,365.04,392.48,365.05,391.57,351.12,393.48,337.16,393.47,349.93,365.66,307.63,336.59,322.33,334.93,322.37,340.22,308.53,341.62,388.24,330.64,373.51,331.25,374.33,336.47,388.13,335.78,
./P_45/1492719205697_12_-study-educational_advantages_of_social_networking_sites_writing_frames/1491424531780.png,1491424531780,0.41782093048095703,0.5737213492393494,0.4055520296096802,0.5881591439247131,0.3140625,0.365,278.67,337.21,277.97,358.77,281.31,380.17,287.65,401.42,299.04,418.90,315.12,431.67,333.68,440.84,353.89,442.81,374.02,438.07,391.80,425.86,406.53,410.69,415.59,391.69,419.26,370.44,419.92,348.96,416.69,327.92,402.11,314.22,391.09,310.39,374.87,313.51,362.48,318.19,292.53,321.70,303.44,316.33,320.00,317.22,332.94,320.24,301.77,339.64,314.39,334.28,328.64,337.52,315.06,341.56,315.37,337.50,395.05,333.35,382.02,329.70,368.36,334.89,382.42,337.00,381.62,332.99,348.24,331.41,334.04,358.37,327.91,368.14,333.92,374.72,350.82,377.41,367.19,372.57,372.25,365.34,364.91,356.44,349.20,349.24,339.28,372.06,361.44,370.63,321.49,393.67,333.36,389.15,344.26,387.48,351.20,388.43,358.02,386.62,368.90,386.90,381.14,389.76,373.32,396.85,364.03,401.26,351.99,403.47,339.85,402.94,329.98,399.71,337.25,394.87,351.45,394.99,365.54,392.91,365.50,391.99,351.48,393.98,337.42,393.78,350.15,366.31,307.25,336.19,322.16,334.69,322.10,339.93,308.13,341.20,389.29,330.60,374.37,331.22,375.20,336.38,389.14,335.70,
./P_45/1492719205697_12_-study-educational_advantages_of_social_networking_sites_writing_frames/1491424531883.png,1491424531883,0.4130115211009979,0.5127051472663879,0.4035808742046356,0.5855056643486023,0.24739583333333334,0.23583333333333334,277.96,336.27,277.34,357.95,280.76,379.60,287.12,401.11,298.60,418.74,314.87,431.57,333.71,440.76,354.13,442.74,374.32,438.02,392.09,425.92,406.84,410.86,415.96,391.88,419.71,370.41,420.56,348.67,417.48,327.40,403.20,313.68,391.93,309.74,375.45,312.96,362.87,317.77,291.91,321.02,303.14,315.57,320.00,316.62,333.15,319.78,301.29,339.43,314.17,334.18,328.64,337.36,314.80,341.44,315.15,337.36,396.05,333.26,382.89,329.68,368.90,334.75,383.23,336.96,382.42,332.93,348.55,331.13,334.22,358.41,328.08,368.16,334.12,374.73,351.11,377.45,367.52,372.63,372.62,365.44,365.37,356.53,349.55,349.10,339.54,372.06,361.80,370.68,321.52,393.53,333.53,388.88,344.53,387.16,351.51,388.12,358.32,386.32,369.29,386.66,381.57,389.71,373.69,396.91,364.42,401.40,352.32,403.62,340.07,403.04,330.16,399.71,337.48,394.72,351.78,394.89,365.90,392.81,365.86,391.87,351.77,393.79,337.61,393.63,350.51,366.30,306.91,336.05,322.05,334.57,321.97,339.80,307.75,341.07,390.23,330.58,375.10,331.13,375.88,336.31,390.07,335.66,
./P_45/1492719205697_12_-study-educational_advantages_of_social_networking_sites_writing_frames/1491424531986.png,1491424531986,0.31417009234428406,0.5281595587730408,0.3319455683231354,0.4698117673397064,0.34322916666666664,0.35,277.65,335.43,277.24,357.27,280.75,379.05,287.03,400.67,298.39,418.38,314.63,431.20,333.52,440.45,354.20,442.60,374.55,437.85,392.31,426.02,407.17,411.18,416.42,392.20,420.21,370.37,421.19,348.37,418.24,326.80,403.96,313.63,392.59,309.65,375.92,312.84,363.22,317.63,291.39,321.03,302.59,315.51,319.64,316.53,332.88,319.67,300.96,339.13,313.96,333.92,328.53,337.06,314.58,341.14,314.94,337.05,396.68,332.98,383.39,329.41,369.26,334.43,383.71,336.67,382.94,332.63,348.62,330.90,334.19,358.00,328.00,367.81,334.06,374.45,351.16,377.24,367.75,372.35,372.88,365.11,365.58,356.11,349.59,348.87,339.48,371.77,361.99,370.38,321.46,393.27,333.64,388.86,344.65,387.26,351.67,388.21,358.52,386.41,369.53,386.65,382.00,389.50,374.05,396.67,364.68,401.08,352.47,403.28,340.13,402.69,330.16,399.43,337.57,394.45,351.94,394.63,366.20,392.58,366.12,391.83,351.93,393.81,337.69,393.58,350.55,366.11,306.65,335.77,321.89,334.30,321.81,339.50,307.47,340.76,390.79,330.32,375.53,330.86,376.29,335.99,390.61,335.38,
./P_45/1492719205697_12_-study-educational_advantages_of_social_networking_sites_writing_frames/1491424532079.png,1491424532079,0.29782938957214355,0.5230819582939148,0.3132806420326233,0.49257582426071167,0.3458333333333333,0.24083333333333334,277.29,334.80,276.95,356.69,280.45,378.63,286.74,400.39,298.13,418.26,314.41,431.27,333.35,440.75,354.18,442.95,374.72,438.18,392.64,426.27,407.69,411.40,417.15,392.36,421.02,370.34,422.05,348.13,419.10,326.33,404.69,313.08,393.03,309.03,376.03,312.38,363.13,317.37,290.66,320.60,302.00,314.99,319.36,316.15,332.80,319.45,300.51,338.81,313.66,333.54,328.40,336.81,314.28,340.92,314.71,336.72,397.27,332.61,383.81,328.98,369.47,334.13,384.12,336.42,383.38,332.26,348.50,330.60,333.96,358.05,327.72,367.88,333.81,374.54,350.93,377.42,367.71,372.46,372.91,365.18,365.53,356.16,349.37,348.85,339.18,371.98,361.88,370.56,321.16,393.08,333.41,388.65,344.47,387.08,351.51,388.05,358.37,386.24,369.55,386.42,382.27,389.31,374.22,396.68,364.75,401.25,352.38,403.50,339.92,402.86,329.91,399.44,337.39,394.42,351.84,394.66,366.26,392.56,366.14,391.74,351.79,393.75,337.47,393.50,350.26,366.32,306.26,335.41,321.70,333.95,321.60,339.27,307.08,340.52,391.31,329.90,375.83,330.45,376.60,335.73,391.12,335.09,
./P_45/1492719205697_12_-study-educational_advantages_of_social_networking_sites_writing_frames/1491424532177.png,1491424532177,0.3373959958553314,0.6756787300109863,0.3039741516113281,0.461349219083786,0.303125,0.32,277.11,334.16,276.89,356.28,280.45,378.39,286.65,400.28,297.95,418.28,314.14,431.36,332.96,441.00,353.97,443.39,374.85,438.64,393.07,426.82,408.40,411.98,418.10,392.75,422.06,370.36,423.18,347.87,420.37,325.81,405.53,313.21,393.62,309.23,376.40,312.73,363.37,317.82,290.11,320.52,301.48,315.00,319.02,316.35,332.56,319.82,300.03,338.45,313.30,333.06,328.25,336.54,313.94,340.66,314.40,336.33,397.91,332.46,384.18,328.67,369.70,334.00,384.53,336.34,383.79,332.04,348.46,330.49,333.72,357.79,327.50,367.69,333.59,374.44,350.77,377.37,367.76,372.46,373.03,365.10,365.62,355.95,349.22,348.75,338.92,371.85,361.86,370.45,320.84,393.26,333.08,388.83,344.20,387.26,351.29,388.26,358.24,386.45,369.53,386.70,382.39,389.67,374.19,396.96,364.58,401.42,352.09,403.61,339.55,402.95,329.55,399.59,337.03,394.52,351.58,394.75,366.16,392.74,366.09,392.00,351.57,393.99,337.13,393.68,350.02,366.26,305.79,334.95,321.50,333.53,321.38,339.01,306.64,340.22,391.85,329.63,376.07,330.19,376.89,335.61,391.65,335.00,
./P_45/1492719205697_12_-study-educational_advantages_of_social_networking_sites_writing_frames/1491424532363.png,1491424532363,0.23399758338928223,0.5654443502426147,0.25085872411727905,0.4014184772968292,0.33177083333333335,0.43583333333333335,276.85,333.26,276.88,355.78,280.51,378.28,286.30,400.56,297.16,418.81,313.03,432.03,331.71,441.84,353.23,444.50,374.85,439.79,393.67,428.38,409.50,413.81,419.61,394.47,423.67,371.34,425.05,348.20,422.53,325.38,407.38,313.61,394.83,309.52,377.01,313.00,363.65,318.08,289.07,320.85,300.61,315.30,318.54,316.67,332.31,320.10,299.13,338.32,312.61,332.92,327.98,336.41,313.30,340.55,313.76,336.14,399.18,332.41,385.02,328.56,370.20,333.91,385.39,336.30,384.74,331.90,348.35,330.43,333.28,357.99,327.16,367.98,333.24,374.79,350.34,377.76,367.58,372.93,372.97,365.56,365.56,356.22,348.84,348.91,338.37,372.17,361.58,370.74,320.11,393.65,332.39,389.13,343.59,387.64,350.74,388.65,357.80,386.85,369.32,387.09,382.59,390.23,374.01,397.41,364.17,401.68,351.43,403.81,338.76,403.16,328.78,399.89,336.30,394.71,350.98,394.93,365.88,392.99,365.84,392.38,351.00,394.34,336.45,393.98,349.43,366.66,304.99,334.81,321.02,333.37,320.90,338.88,305.84,340.11,392.91,329.53,376.70,330.09,377.56,335.53,392.71,334.97,
./P_45/1492719205697_12_-study-educational_advantages_of_social_networking_sites_writing_frames/1491424532467.png,1491424532467,0.2335769534111023,0.4777262210845947,0.25461316108703613,0.43510496616363525,0.29270833333333335,0.3825,276.81,333.06,276.87,355.70,280.47,378.37,286.10,400.82,296.82,419.22,312.60,432.62,331.27,442.59,352.96,445.34,374.89,440.69,394.05,429.32,410.15,414.70,420.45,395.21,424.53,371.79,425.96,348.40,423.46,325.36,408.14,313.88,395.28,309.85,377.25,313.37,363.74,318.43,288.55,321.11,300.24,315.59,318.34,317.00,332.22,320.43,298.83,338.35,312.42,333.02,327.95,336.47,313.11,340.52,313.60,336.15,399.73,332.53,385.41,328.73,370.41,334.02,385.78,336.35,385.20,331.97,348.31,330.67,333.06,358.44,327.06,368.39,333.11,375.19,350.12,378.29,367.45,373.40,372.88,366.06,365.57,356.71,348.65,349.33,338.12,372.70,361.44,371.28,319.76,393.82,332.00,389.15,343.29,387.71,350.50,388.73,357.63,386.94,369.33,387.17,382.73,390.52,373.99,397.70,364.03,401.93,351.17,404.05,338.43,403.37,328.45,400.09,335.94,394.89,350.74,395.15,365.83,393.21,365.80,392.44,350.75,394.40,336.10,394.00,349.15,367.26,304.75,334.89,320.89,333.45,320.77,338.89,305.59,340.11,393.38,329.69,377.01,330.23,377.88,335.60,393.16,335.06,
./P_45/1492719205697_12_-study-educational_advantages_of_social_networking_sites_writing_frames/1491424532575.png,1491424532575,0.24164292216300964,0.508672297000885,0.25432178378105164,0.36931830644607544,0.3177083333333333,0.5891666666666666,276.76,333.07,276.89,355.78,280.47,378.53,286.00,401.02,296.63,419.59,312.37,433.17,331.05,443.35,352.92,446.18,375.12,441.57,394.55,430.20,410.88,415.51,421.35,395.84,425.43,372.16,426.84,348.60,424.34,325.40,408.59,314.21,395.52,310.31,377.38,313.97,363.80,319.11,288.19,321.46,299.89,316.05,318.07,317.60,332.01,321.11,298.56,338.48,312.24,333.02,327.90,336.66,312.93,340.71,313.47,336.23,400.14,332.69,385.65,328.74,370.54,334.23,386.05,336.58,385.48,332.08,348.22,330.99,332.85,358.77,326.90,368.78,332.96,375.64,349.96,378.75,367.46,373.88,372.92,366.47,365.61,357.04,348.47,349.71,337.90,373.13,361.39,371.68,319.64,394.48,331.81,389.75,343.12,388.29,350.38,389.32,357.59,387.52,369.40,387.78,382.91,391.24,374.04,398.23,363.98,402.30,351.05,404.36,338.28,403.71,328.32,400.57,335.77,395.27,350.63,395.47,365.87,393.62,365.84,393.05,350.65,395.01,335.92,394.60,348.91,367.72,304.48,334.91,320.82,333.50,320.66,339.08,305.34,340.28,393.74,329.73,377.14,330.30,378.06,335.81,393.51,335.26,
./P_45/1492719205697_12_-study-educational_advantages_of_social_networking_sites_writing_frames/1491424532694.png,1491424532694,0.25547805428504944,0.33093172311782837,0.253764271736145,0.3823491930961609,0.3494791666666667,0.21833333333333332,276.75,333.03,276.87,355.93,280.40,378.70,286.03,401.50,296.77,420.15,312.48,433.96,331.08,444.46,353.02,447.46,375.35,442.72,394.81,431.02,411.19,416.11,421.82,396.34,425.94,372.41,427.34,348.87,424.69,325.46,408.12,315.52,395.32,311.95,377.37,315.06,363.81,319.74,288.50,322.84,300.04,317.57,318.18,318.61,332.08,321.71,299.58,337.77,313.20,332.25,328.39,336.16,313.81,339.96,314.33,335.37,399.48,332.21,385.18,328.15,370.41,333.82,385.62,336.02,385.33,331.38,348.23,331.07,332.94,359.63,327.01,369.82,333.08,376.80,349.84,380.18,367.26,375.12,372.77,367.59,365.48,357.96,348.40,350.75,337.73,374.58,361.43,373.16,320.02,395.76,332.00,391.40,343.13,390.26,350.41,391.40,357.61,389.53,369.28,389.51,382.64,392.69,374.00,399.80,363.94,404.06,351.08,406.09,338.43,405.41,328.48,402.04,335.92,396.95,350.66,397.32,365.81,395.38,365.70,394.57,350.65,396.68,336.07,396.03,348.80,369.54,305.50,334.12,321.63,332.83,321.35,338.41,306.32,339.49,393.17,329.15,376.80,329.76,377.81,335.28,392.94,334.69,
./P_45/1492719205697_12_-study-educational_advantages_of_social_networking_sites_writing_frames/1491424532808.png,1491424532808,0.25025051832199097,0.35617882013320923,0.27326977252960205,0.3821761906147003,0.21197916666666666,0.4575,277.23,333.39,277.07,356.06,280.60,378.98,286.35,402.07,297.26,420.98,313.05,435.06,331.63,445.76,353.21,448.67,375.30,444.06,394.88,432.09,411.38,416.77,422.09,396.60,426.23,372.38,427.54,348.73,424.59,325.70,407.60,317.23,394.71,314.16,377.04,317.53,363.65,322.20,289.21,324.44,300.86,319.63,318.74,320.95,332.49,324.09,300.08,339.56,313.67,334.42,328.85,337.99,314.23,341.79,314.80,337.33,399.31,334.11,385.06,330.41,370.27,335.73,385.51,337.92,385.21,333.43,348.34,333.13,333.03,361.57,327.46,371.57,333.40,378.40,349.91,381.88,367.15,376.76,372.55,369.37,365.62,359.91,348.47,352.71,337.99,376.38,361.37,374.99,320.70,397.28,332.26,392.68,343.25,391.42,350.53,392.56,357.73,390.71,369.32,390.84,382.35,394.30,373.80,401.38,363.94,405.64,351.24,407.64,338.77,406.94,329.07,403.55,336.26,398.32,350.81,398.73,365.80,396.81,365.71,395.85,350.77,397.86,336.34,397.28,348.84,371.39,306.01,336.15,322.06,334.87,321.78,340.28,306.78,341.31,392.99,331.28,376.71,331.87,377.70,337.22,392.80,336.60,
./P_45/1492719205697_12_-study-educational_advantages_of_social_networking_sites_writing_frames/1491424532900.png,1491424532900,0.24743160605430603,0.3924925923347473,0.2496470808982849,0.3890545964241028,0.2265625,0.33166666666666667,278.59,334.05,277.74,356.66,280.93,379.62,286.60,402.57,297.59,421.48,313.48,435.62,332.03,446.43,353.32,449.30,375.25,444.98,395.03,432.98,411.66,417.45,422.43,397.01,426.51,372.75,427.44,349.14,424.06,326.56,407.01,318.30,394.23,314.96,376.60,318.15,363.31,322.68,290.67,324.46,302.02,319.70,319.63,321.04,333.16,324.22,301.08,340.18,314.32,334.97,329.41,338.66,314.91,342.52,315.33,338.08,398.41,335.34,384.23,331.46,369.75,336.76,384.67,339.10,384.22,334.65,348.57,333.68,333.58,361.84,328.00,371.73,333.86,378.49,350.20,381.87,367.19,377.03,372.60,369.69,365.68,360.30,348.76,352.94,338.63,376.52,361.34,375.27,320.98,396.97,332.64,392.45,343.56,391.19,350.72,392.35,357.89,390.54,369.39,390.81,382.48,394.24,373.89,401.14,364.02,405.27,351.38,407.17,338.94,406.42,329.36,403.08,336.45,397.89,350.99,398.31,365.96,396.53,365.85,395.82,350.99,397.71,336.59,397.13,349.14,371.26,306.82,336.72,322.62,335.47,322.42,341.02,307.59,341.99,392.09,332.43,376.04,332.89,376.97,338.35,391.93,337.83,
./P_45/1492719205697_12_-study-educational_advantages_of_social_networking_sites_writing_frames/1491424532993.png,1491424532993,0.23702862858772278,0.4341796636581421,0.2623811960220337,0.3451195955276489,0.2953125,0.19333333333333333,279.97,335.19,278.62,357.59,281.62,380.26,287.34,402.75,298.31,421.56,314.23,435.62,332.73,446.34,353.62,449.14,375.24,444.96,395.15,433.20,411.91,417.77,422.79,397.43,426.99,373.42,427.67,350.05,423.90,327.66,406.02,318.46,393.49,314.86,376.09,317.75,363.04,322.14,292.51,324.18,303.22,319.52,320.23,320.62,333.41,323.64,302.26,340.42,314.98,335.11,329.80,338.75,315.65,342.68,315.88,338.32,397.29,335.59,383.25,331.62,369.29,336.87,383.71,339.26,383.16,334.91,348.60,333.47,333.94,361.12,328.25,371.04,334.09,377.80,350.34,380.96,367.25,376.32,372.67,368.94,365.52,359.54,348.80,352.27,339.00,375.75,361.16,374.45,321.48,396.61,333.02,392.18,343.77,390.84,350.82,392.00,357.92,390.16,369.35,390.51,382.50,393.79,373.97,400.79,364.07,404.99,351.52,406.88,339.19,406.14,329.72,402.76,336.76,397.74,351.15,398.13,366.02,396.35,365.88,395.46,351.15,397.30,336.93,396.81,349.14,370.10,307.74,336.91,323.09,335.61,322.97,341.16,308.55,342.15,390.99,332.63,375.32,333.07,376.21,338.50,390.84,338.03,
./P_45/1492719205697_12_-study-educational_advantages_of_social_networking_sites_writing_frames/1491424533087.png,1491424533087,0.24807724356651306,0.4233168065547943,0.26568716764450073,0.29819637537002563,0.34010416666666665,0.3016666666666667,280.75,336.81,279.11,358.95,281.99,381.17,287.82,403.07,298.87,421.63,314.95,435.46,333.61,445.75,354.12,448.18,375.32,444.14,395.20,432.71,411.96,417.51,422.80,397.53,426.98,374.12,427.44,351.19,423.21,328.90,404.55,317.65,392.27,313.96,375.25,316.59,362.45,320.86,293.78,323.73,304.07,319.06,320.52,319.79,333.41,322.55,303.22,340.19,315.57,334.71,330.04,338.26,316.27,342.20,316.43,337.95,396.05,334.90,382.26,330.87,368.70,336.16,382.73,338.45,382.18,334.20,348.36,332.61,334.04,360.31,328.35,370.26,334.23,376.99,350.28,379.80,367.03,375.32,372.43,367.93,365.17,358.58,348.61,351.14,339.19,374.75,360.79,373.33,321.98,396.08,333.26,391.42,343.87,389.89,350.87,391.02,357.90,389.11,369.30,389.53,382.38,392.92,373.86,399.61,363.99,403.65,351.68,405.51,339.63,404.92,330.22,401.83,337.08,396.71,351.29,396.88,366.03,395.16,365.84,394.48,351.26,396.30,337.23,396.00,348.97,368.68,308.51,336.59,323.46,335.17,323.39,340.66,309.36,341.76,389.85,331.90,374.54,332.34,375.43,337.73,389.71,337.24,
./P_45/1492719205697_12_-study-educational_advantages_of_social_networking_sites_writing_frames/1491424533451.png,1491424533451,0.33565032482147217,0.3626406788825989,0.3311808705329895,0.44235503673553467,0.2557291666666667,0.059166666666666666,282.52,342.23,280.99,364.06,284.00,384.87,290.44,404.78,301.68,421.65,317.77,434.05,336.24,442.87,355.82,444.72,376.18,440.65,395.70,429.53,411.58,414.60,421.27,395.45,424.86,374.08,424.58,352.94,419.59,331.81,398.24,316.58,387.11,313.56,371.88,315.73,360.23,319.52,296.22,323.35,305.66,318.74,320.80,318.81,332.70,321.13,305.48,339.63,316.86,333.76,330.05,337.50,317.60,341.29,317.72,337.13,391.92,334.10,379.17,329.84,366.85,335.34,379.71,337.40,379.35,333.26,347.26,331.57,334.44,358.51,328.48,368.58,334.42,375.08,349.92,377.25,366.15,373.14,371.44,365.68,363.71,356.55,347.83,349.27,339.48,372.41,359.93,370.95,323.34,394.60,334.16,389.86,344.38,388.10,351.07,389.23,357.73,387.29,368.76,387.74,381.38,391.02,373.47,397.55,363.82,401.64,352.20,403.44,340.74,402.99,331.46,400.09,338.04,395.30,351.66,395.31,365.67,393.66,365.29,392.50,351.54,394.26,338.12,394.18,348.52,365.86,310.27,335.78,324.15,334.38,324.07,339.78,311.25,340.93,386.23,330.93,372.10,331.44,373.06,336.75,386.08,336.22,
./P_45/1492719205697_12_-study-educational_advantages_of_social_networking_sites_writing_frames/1491424533550.png,1491424533550,0.3434726595878601,0.40801870822906494,0.3441646099090576,0.4467606246471405,0.46197916666666666,0.30416666666666664,282.04,342.72,280.50,364.50,283.57,385.26,290.17,405.33,301.57,422.17,317.73,434.50,336.22,443.26,355.74,445.08,375.99,440.82,395.25,429.38,410.85,414.29,420.27,395.12,423.76,373.92,423.49,352.99,418.57,332.08,397.49,317.52,386.64,314.53,371.57,316.55,360.01,320.18,296.31,324.21,305.73,319.70,320.71,319.63,332.53,321.80,305.41,340.30,316.74,334.53,329.77,338.16,317.44,341.94,317.50,337.83,391.22,334.73,378.62,330.58,366.44,335.97,379.16,338.01,378.77,333.93,347.07,332.25,334.26,359.10,328.26,369.22,334.21,375.71,349.82,377.90,365.99,373.71,371.23,366.24,363.48,357.12,347.74,349.97,339.30,373.02,359.85,371.56,323.27,395.51,334.10,390.90,344.29,389.17,350.98,390.30,357.64,388.34,368.55,388.74,381.00,391.83,373.31,398.57,363.75,402.83,352.14,404.69,340.67,404.24,331.34,401.20,338.00,396.54,351.59,396.59,365.49,394.84,365.09,393.43,351.45,395.23,338.05,395.13,348.50,366.57,310.19,336.51,323.95,335.13,323.86,340.42,311.17,341.57,385.58,331.64,371.63,332.17,372.58,337.37,385.45,336.81,
./P_45/1492719205697_12_-study-educational_advantages_of_social_networking_sites_writing_frames/1491424533649.png,1491424533649,0.33045488595962524,0.43956509232521057,0.31789353489875793,0.41641759872436523,0.37604166666666666,0.135,281.44,342.85,279.82,364.64,282.84,385.55,289.48,405.76,301.03,422.62,317.32,434.97,335.92,443.74,355.46,445.48,375.57,441.23,394.55,429.67,409.96,414.50,419.28,395.33,422.66,374.11,422.30,353.11,417.29,332.29,396.87,318.00,386.07,315.07,370.99,317.19,359.45,320.87,295.75,324.70,305.34,320.19,320.44,320.23,332.28,322.45,305.00,340.89,316.40,335.17,329.42,338.81,317.06,342.57,317.12,338.47,390.65,335.35,378.12,331.26,365.89,336.63,378.62,338.64,378.23,334.58,346.71,332.99,334.01,359.95,328.02,369.98,333.96,376.40,349.55,378.71,365.54,374.39,370.74,367.00,363.09,357.98,347.48,350.83,339.08,373.90,359.54,372.47,322.83,395.48,333.88,391.02,344.08,389.41,350.75,390.51,357.36,388.58,368.21,388.85,380.69,391.77,373.00,398.44,363.51,402.69,351.93,404.57,340.44,404.10,331.06,401.09,337.72,396.45,351.36,396.52,365.24,394.75,364.81,393.58,351.22,395.46,337.79,395.30,348.33,367.53,309.83,337.14,323.58,335.78,323.49,341.06,310.77,342.19,385.04,332.30,371.14,332.81,372.06,338.02,384.91,337.45,
./P_45/1492719205697_12_-study-educational_advantages_of_social_networking_sites_writing_frames/1491424533754.png,1491424533754,0.3397052586078644,0.3832433223724365,0.34116092324256897,0.43965843319892883,0.465625,0.09583333333333334,280.48,342.99,278.83,364.76,281.84,385.69,288.48,405.89,300.10,422.85,316.54,435.33,335.38,444.13,355.00,445.73,374.97,441.48,393.77,429.91,409.06,414.71,418.36,395.60,421.75,374.36,421.36,353.26,416.25,332.32,396.09,317.48,385.23,314.60,370.19,316.77,358.64,320.49,294.95,324.64,304.69,320.09,319.83,320.07,331.72,322.21,304.28,340.85,315.73,335.07,328.78,338.72,316.40,342.46,316.45,338.36,389.89,334.96,377.39,330.89,365.10,336.35,377.90,338.28,377.51,334.22,346.06,332.80,333.48,360.28,327.59,370.28,333.56,376.67,349.12,378.90,364.93,374.54,370.08,367.20,362.55,358.21,346.98,350.84,338.66,374.15,359.04,372.66,322.21,395.69,333.23,390.96,343.52,389.25,350.25,390.32,356.86,388.36,367.71,388.63,380.04,391.76,372.34,398.38,362.94,402.63,351.42,404.55,339.93,404.14,330.51,401.19,337.14,396.45,350.83,396.46,364.68,394.63,364.28,393.40,350.70,395.30,337.21,395.24,347.96,367.72,309.14,337.06,322.93,335.66,322.82,340.96,310.08,342.13,384.30,331.91,370.39,332.47,371.32,337.70,384.18,337.07,
./P_45/1492719205697_12_-study-educational_advantages_of_social_networking_sites_writing_frames/1491424533849.png,1491424533849,0.39589208364486694,0.40926626324653625,0.38967132568359375,0.4301741123199463,0.44947916666666665,0.195,279.51,343.20,277.99,364.93,281.05,385.83,287.63,406.02,299.21,423.01,315.65,435.45,334.54,444.18,354.26,445.79,374.32,441.51,393.16,429.98,408.43,414.79,417.65,395.60,420.93,374.31,420.53,353.24,415.45,332.34,395.19,317.93,384.39,315.14,369.46,317.32,357.96,321.01,293.93,325.23,303.60,320.70,318.67,320.67,330.53,322.78,303.31,341.28,314.78,335.46,327.84,339.12,315.45,342.90,315.53,338.78,389.10,335.33,376.58,331.23,364.26,336.73,377.10,338.69,376.71,334.60,345.14,333.27,332.52,360.46,326.69,370.49,332.65,376.92,348.24,379.08,364.11,374.76,369.24,367.37,361.74,358.35,346.07,351.13,337.75,374.26,358.19,372.76,321.48,396.33,332.44,391.64,342.69,389.88,349.45,390.93,356.09,388.98,366.91,389.28,379.19,392.37,371.51,398.75,362.10,402.79,350.61,404.65,339.15,404.30,329.76,401.58,336.33,396.74,350.01,396.64,363.87,394.91,363.49,393.99,349.90,395.88,336.41,395.84,347.06,367.87,308.15,337.46,322.01,336.05,321.90,341.39,309.11,342.56,383.53,332.25,369.54,332.83,370.49,338.09,383.40,337.46,
./P_45/1492719205697_12_-study-educational_advantages_of_social_networking_sites_writing_frames/1491424533944.png,1491424533944,0.39561086893081665,0.4079083502292633,0.39817485213279724,0.44546470046043396,0.38697916666666665,0.17416666666666666,279.16,343.22,277.75,365.00,280.85,385.86,287.38,405.91,298.77,422.72,314.94,435.12,333.55,444.01,353.23,445.78,373.40,441.49,392.36,429.93,407.72,414.72,417.01,395.51,420.32,374.12,419.88,353.01,414.86,332.16,394.63,317.77,383.64,314.81,368.46,317.01,356.84,320.75,292.90,325.06,302.52,320.35,317.77,320.28,329.71,322.45,302.34,341.22,313.74,335.45,326.88,339.05,314.46,342.84,314.52,338.74,388.39,335.29,375.78,331.24,363.48,336.70,376.31,338.64,375.92,334.57,344.20,333.14,331.68,360.43,325.77,370.42,331.73,376.79,347.29,379.05,363.23,374.67,368.40,367.31,360.75,358.33,345.07,351.10,336.78,374.28,357.28,372.76,320.43,395.73,331.49,391.11,341.77,389.46,348.46,390.51,355.07,388.58,365.98,388.80,378.48,391.81,370.78,398.59,361.29,402.94,349.66,404.90,338.08,404.44,328.67,401.39,335.36,396.74,349.06,396.81,362.99,394.94,362.57,393.56,348.92,395.48,335.43,395.40,346.03,367.92,307.17,337.44,320.98,336.02,320.91,341.32,308.13,342.50,382.73,332.26,368.76,332.84,369.71,338.04,382.63,337.42,
./P_45/1492719205697_12_-study-educational_advantages_of_social_networking_sites_writing_frames/1491424534040.png,1491424534040,0.3930964171886444,0.35244637727737427,0.3950667977333069,0.41982966661453247,0.3515625,0.08333333333333333,278.78,343.18,277.36,364.93,280.49,385.71,287.05,405.69,298.41,422.52,314.49,434.98,332.85,443.97,352.35,445.74,372.59,441.52,391.78,429.86,407.35,414.47,416.77,395.04,420.10,373.56,419.60,352.50,414.54,331.77,393.95,317.72,382.90,314.71,367.67,316.91,355.99,320.65,292.06,324.97,301.49,320.26,316.66,320.16,328.63,322.32,301.38,341.07,312.72,335.33,325.94,338.81,313.48,342.63,313.54,338.58,387.63,335.11,374.89,331.11,362.63,336.51,375.47,338.42,375.03,334.42,343.22,332.94,330.55,360.12,324.73,370.14,330.65,376.56,346.29,378.82,362.44,374.43,367.62,366.99,359.94,357.98,344.00,350.82,335.69,374.01,356.36,372.44,319.58,395.87,330.45,391.24,340.69,389.55,347.44,390.61,354.16,388.65,365.12,388.94,377.65,391.95,369.84,398.55,360.24,402.74,348.60,404.64,337.07,404.22,327.74,401.32,334.32,396.59,348.01,396.60,362.02,394.79,361.67,393.68,347.93,395.62,334.42,395.52,344.89,367.62,306.17,337.32,319.98,335.84,319.94,341.10,307.15,342.30,381.90,332.11,367.88,332.70,368.85,337.83,381.81,337.22,
./P_45/1492719205697_12_-study-educational_advantages_of_social_networking_sites_writing_frames/1491424534132.png,1491424534132,0.4065994620323181,0.43635231256484985,0.3976724147796631,0.4735114872455597,0.2703125,0.2025,278.52,342.91,277.11,364.61,280.20,385.39,286.66,405.31,297.88,422.16,313.82,434.72,332.06,443.85,351.58,445.69,372.04,441.46,391.51,429.73,407.19,414.22,416.62,394.66,419.89,373.13,419.29,352.04,414.22,331.35,393.34,317.31,382.11,314.33,366.81,316.64,355.12,320.45,291.23,324.50,300.61,319.82,315.80,319.84,327.76,322.08,300.56,340.77,311.82,335.00,325.12,338.51,312.62,342.34,312.70,338.28,386.99,334.85,374.17,330.83,361.90,336.26,374.77,338.17,374.33,334.15,342.34,332.72,329.70,359.77,323.92,369.75,329.81,376.14,345.34,378.44,361.54,374.05,366.74,366.61,359.03,357.63,343.03,350.51,334.78,373.65,355.40,372.07,318.78,395.37,329.54,390.64,339.77,388.94,346.46,390.00,353.16,388.06,364.20,388.38,376.83,391.51,368.99,398.18,359.34,402.42,347.65,404.34,336.11,403.88,326.86,400.91,333.41,396.22,347.07,396.27,361.11,394.44,360.75,393.14,346.98,395.04,333.50,394.95,343.84,367.24,305.28,337.01,319.11,335.53,319.10,340.81,306.30,342.01,381.22,331.83,367.14,332.43,368.13,337.58,381.14,336.97,
./P_45/1492719205697_12_-study-educational_advantages_of_social_networking_sites_writing_frames/1491424534223.png,1491424534223,0.40404176712036133,0.4038989543914795,0.4216483235359192,0.44455575942993164,0.2609375,0.23333333333333334,278.45,342.31,277.15,364.07,280.32,384.84,286.61,404.70,297.61,421.49,313.33,433.97,331.37,443.02,350.90,444.92,371.45,440.76,391.00,429.31,406.67,414.03,416.12,394.58,419.41,372.98,418.96,351.79,414.10,330.95,393.14,317.03,381.80,314.01,366.52,316.29,354.85,320.04,290.97,323.93,300.26,319.36,315.30,319.42,327.18,321.64,300.00,340.32,311.21,334.49,324.63,338.13,312.04,341.98,312.08,337.85,386.66,334.52,373.72,330.41,361.45,335.96,374.37,337.91,373.86,333.83,341.90,332.37,329.25,359.47,323.57,369.45,329.42,375.85,344.87,378.06,361.01,373.84,366.23,366.41,358.58,357.38,342.55,350.12,334.31,373.19,354.89,371.62,318.32,395.35,328.97,390.60,339.15,388.85,345.85,389.90,352.60,387.98,363.60,388.40,376.19,391.59,368.24,397.96,358.56,401.92,346.93,403.75,335.47,403.34,326.31,400.60,332.77,395.79,346.38,395.76,360.41,394.06,360.13,393.09,346.37,394.92,332.93,394.86,343.33,366.83,304.66,336.50,318.58,335.05,318.56,340.45,305.69,341.61,380.86,331.43,366.66,332.05,367.68,337.30,380.79,336.70,
./P_45/1492719205697_12_-study-educational_advantages_of_social_networking_sites_writing_frames/1491424534317.png,1491424534317,0.41791385412216187,0.37196487188339233,0.4127294719219208,0.4395439028739929,0.31979166666666664,0.18833333333333332,278.50,341.55,277.23,363.35,280.39,384.12,286.58,403.95,297.43,420.69,312.97,433.18,330.88,442.31,350.43,444.36,371.04,440.21,390.60,428.90,406.24,413.76,415.72,394.48,419.11,372.89,418.79,351.68,414.15,330.72,393.35,316.74,381.89,313.60,366.48,315.77,354.75,319.46,290.78,323.17,300.12,318.63,315.18,318.69,327.07,320.94,299.82,339.44,310.99,333.71,324.41,337.36,311.80,341.09,311.80,336.99,386.52,333.98,373.57,329.88,361.32,335.34,374.19,337.27,373.71,333.21,341.76,331.77,329.14,358.92,323.45,368.83,329.25,375.18,344.59,377.54,360.64,373.31,365.90,365.96,358.29,356.94,342.36,349.63,334.05,372.67,354.62,371.17,317.97,394.40,328.59,389.60,338.81,387.96,345.46,389.02,352.19,387.13,363.23,387.53,375.83,390.85,367.92,397.55,358.23,401.76,346.54,403.62,335.03,403.08,325.89,400.04,332.42,395.44,346.03,395.60,360.06,393.81,359.73,392.17,345.97,393.96,332.54,393.84,343.07,366.43,304.48,335.68,318.34,334.30,318.29,339.61,305.49,340.72,380.69,330.91,366.53,331.49,367.54,336.65,380.61,336.11,
./P_45/1492719205697_12_-study-educational_advantages_of_social_networking_sites_writing_frames/1491424534414.png,1491424534414,0.4284910261631012,0.4704323410987854,0.484733521938324,0.4658951163291931,0.3619791666666667,0.1375,278.41,340.80,277.15,362.41,280.26,383.15,286.45,403.08,297.27,419.96,312.74,432.59,330.50,441.94,349.97,444.10,370.55,439.93,390.08,428.49,405.81,413.34,415.42,394.01,418.93,372.40,418.73,351.23,414.23,330.35,393.54,316.94,382.16,313.73,366.70,315.97,354.92,319.76,290.76,323.20,300.00,318.67,315.08,318.87,327.00,321.24,299.71,339.53,310.94,333.75,324.40,337.56,311.74,341.37,311.81,337.16,386.66,334.18,373.66,329.99,361.36,335.58,374.29,337.63,373.76,333.46,341.74,331.96,328.87,358.95,323.12,368.88,328.90,375.32,344.36,377.71,360.60,373.49,365.87,366.08,358.22,357.03,342.23,349.82,333.73,372.77,354.49,371.28,317.81,394.79,328.41,390.22,338.57,388.59,345.24,389.67,351.99,387.79,363.00,388.23,375.61,391.36,367.73,398.05,358.02,402.24,346.28,404.09,334.75,403.54,325.63,400.47,332.20,395.83,345.79,395.98,359.83,394.24,359.53,392.89,345.74,394.67,332.33,394.49,342.83,366.62,304.37,335.73,318.36,334.39,318.30,339.86,305.38,340.93,380.83,331.04,366.54,331.65,367.57,336.98,380.75,336.41,
./P_45/1492719205697_12_-study-educational_advantages_of_social_networking_sites_writing_frames/1491424534597.png,1491424534597,0.4819278120994568,0.3731618821620941,0.47828394174575806,0.44468986988067627,0.2171875,0.29333333333333333,277.95,338.55,276.64,360.53,279.72,381.46,285.91,401.52,296.77,418.49,312.17,431.27,329.89,440.75,349.45,442.97,370.01,438.93,389.33,427.62,405.05,412.57,414.88,393.32,418.60,371.62,418.60,350.24,414.12,328.91,393.44,314.87,382.00,311.89,366.63,314.11,354.84,317.82,290.66,320.89,300.17,316.53,315.28,316.83,327.22,319.21,299.68,336.60,311.10,330.71,324.50,334.87,311.79,338.45,311.91,334.17,386.64,331.61,373.66,327.20,361.27,333.01,374.27,334.97,373.85,330.71,341.73,329.47,328.73,357.06,322.99,367.03,328.77,373.52,344.15,376.01,360.35,371.83,365.64,364.45,358.15,355.27,342.16,347.76,333.48,370.99,354.40,369.59,317.43,392.98,327.99,388.24,338.27,386.63,345.08,387.75,351.94,385.88,363.07,386.35,375.55,389.81,367.58,396.32,357.84,400.39,346.08,402.15,334.53,401.59,325.35,398.55,331.91,393.99,345.62,394.17,359.79,392.52,359.46,390.94,345.53,392.72,332.00,392.45,342.73,364.96,304.42,332.69,318.54,331.46,318.36,337.03,305.39,338.01,380.87,328.31,366.48,328.90,367.55,334.33,380.75,333.78,
./P_45/1492719205697_12_-study-educational_advantages_of_social_networking_sites_writing_frames/1491424534695.png,1491424534695,0.518700361251831,0.306058406829834,0.4786696135997772,0.4101935029029846,0.3796875,0.18916666666666668,277.51,337.29,276.03,359.45,279.00,380.61,285.28,400.81,296.25,417.98,311.74,430.89,329.57,440.29,349.14,442.33,369.62,438.32,388.84,426.99,404.72,411.93,414.78,392.67,418.67,371.05,418.65,349.43,413.89,327.71,393.48,311.93,382.03,308.85,366.54,311.30,354.70,315.27,290.47,318.68,300.18,314.05,315.51,314.43,327.58,316.91,299.57,334.86,311.16,328.74,324.62,332.96,311.87,336.64,312.10,332.34,386.95,329.36,373.99,324.80,361.42,330.81,374.59,332.76,374.22,328.47,341.74,327.09,328.55,354.93,322.70,365.00,328.58,371.52,344.00,373.83,360.32,369.70,365.61,362.32,358.02,353.07,342.07,345.31,333.36,368.85,354.18,367.38,317.09,391.06,327.75,386.04,338.12,384.23,344.99,385.31,351.86,383.43,363.11,383.99,375.71,387.65,367.58,394.06,357.85,398.07,346.03,399.90,334.46,399.42,325.17,396.48,331.77,391.84,345.54,391.89,359.84,390.21,359.50,388.75,345.42,390.54,331.84,390.36,342.59,362.48,304.40,330.81,318.62,329.48,318.48,335.16,305.37,336.26,381.23,325.95,366.74,326.56,367.80,332.14,381.10,331.55,
./P_45/1492719205697_12_-study-educational_advantages_of_social_networking_sites_writing_frames/1491424535070.png,1491424535070,0.21569694578647614,0.50264573097229,0.2823803126811981,0.505479633808136,0.46822916666666664,0.2991666666666667,275.52,330.49,274.77,354.03,278.18,376.06,284.48,397.20,295.72,414.60,310.85,427.58,328.14,437.20,348.46,439.63,369.52,435.17,387.96,423.57,403.37,408.59,413.67,389.34,417.83,367.20,418.51,344.73,414.88,321.52,396.83,307.24,385.17,303.83,368.75,306.69,356.33,311.22,288.48,313.79,298.76,309.09,314.97,309.90,327.67,312.94,298.39,327.29,310.61,319.68,324.71,326.17,311.34,329.88,311.43,324.36,388.18,321.85,374.55,315.79,361.65,324.09,375.35,326.04,374.75,320.53,342.32,321.01,328.89,350.45,323.21,360.96,329.23,367.89,344.54,370.05,360.38,366.19,365.76,358.52,358.45,348.73,342.79,340.62,333.50,364.81,354.93,363.40,317.29,388.74,327.66,383.27,338.16,381.37,345.16,382.51,352.16,380.58,363.29,381.31,375.25,385.47,367.33,391.50,357.78,395.26,345.97,397.01,334.36,396.61,325.09,393.84,331.65,388.99,345.54,388.88,359.82,387.35,359.63,385.91,345.51,387.73,331.81,387.45,343.36,359.12,303.21,322.11,318.78,321.08,318.35,328.33,304.31,329.27,382.41,317.27,366.66,318.29,368.16,325.39,382.33,324.58,
./P_45/1492719205697_12_-study-educational_advantages_of_social_networking_sites_writing_frames/1491424535251.png,1491424535251,0.21189093589782715,0.4493233561515808,0.22678858041763306,0.4847602844238281,0.19166666666666668,-0.07833333333333334,274.52,325.18,273.29,349.34,276.69,372.06,283.33,394.22,295.25,412.53,310.81,426.62,328.26,437.39,348.73,440.08,369.24,435.69,386.51,423.46,401.28,407.77,411.80,387.97,416.38,364.78,417.39,341.69,413.71,317.93,396.35,306.16,384.84,303.55,368.74,306.38,356.37,310.62,288.84,311.29,299.59,307.52,315.84,308.75,328.52,311.83,298.84,322.65,311.35,315.19,325.16,322.28,311.75,325.50,311.78,319.82,387.50,318.52,374.03,312.30,361.13,320.71,374.78,322.61,374.23,316.95,342.81,318.22,329.50,348.82,324.09,359.47,330.00,366.55,345.26,369.16,360.43,365.17,365.75,357.51,359.16,347.39,343.68,339.05,334.12,363.71,355.87,362.65,318.34,388.12,328.21,382.47,338.60,380.62,345.76,381.88,352.86,379.96,363.48,380.88,374.12,385.58,366.71,391.29,357.70,394.98,346.40,396.50,335.06,395.99,325.98,393.12,332.34,388.30,346.02,388.48,359.74,387.05,359.60,385.17,346.03,386.98,332.42,386.42,344.57,358.72,303.79,317.43,319.53,316.80,318.77,324.16,304.70,324.74,381.89,313.80,366.09,314.72,367.65,321.93,381.76,321.19,
./P_45/1492719205697_12_-study-educational_advantages_of_social_networking_sites_writing_frames/1491424535343.png,1491424535343,0.19356295466423035,0.5137013792991638,0.21970266103744507,0.4858301281929016,0.21822916666666667,0.11666666666666667,274.10,322.54,272.67,346.78,276.05,369.80,282.81,392.47,294.92,411.26,310.57,425.91,328.06,437.21,348.55,440.02,368.84,435.62,385.66,423.07,400.29,407.11,410.98,387.10,415.79,363.47,416.98,340.08,413.27,316.11,396.07,305.37,384.54,303.21,368.56,306.20,356.24,310.40,289.10,310.13,300.07,306.90,316.24,308.44,328.85,311.54,298.84,321.16,311.48,313.96,325.20,321.02,311.72,324.11,311.78,318.45,387.44,317.30,374.03,311.26,361.07,319.50,374.76,321.38,374.23,315.76,342.89,317.28,329.42,348.14,324.05,358.83,329.93,365.95,345.25,368.82,360.40,364.64,365.67,357.00,359.28,346.79,343.79,338.49,333.98,363.29,356.03,362.29,318.56,387.63,328.30,382.11,338.58,380.31,345.82,381.59,352.96,379.68,363.43,380.59,373.78,385.26,366.48,390.92,357.63,394.63,346.46,396.11,335.20,395.57,326.19,392.63,332.53,387.85,346.10,388.14,359.66,386.70,359.50,384.83,346.07,386.71,332.55,386.01,344.69,358.56,303.87,316.07,319.63,315.57,318.76,322.83,304.68,323.29,381.87,312.69,366.08,313.59,367.63,320.71,381.72,319.95,
./P_45/1492719205697_12_-study-educational_advantages_of_social_networking_sites_writing_frames/1491424535600.png,1491424535600,0.24999329447746277,0.6036802530288696,0.24950556457042694,0.5042629241943359,0.5515625,0.1,273.47,319.94,271.90,343.99,275.15,367.22,281.90,390.45,294.12,409.82,309.95,425.13,327.65,437.14,348.34,440.11,368.55,435.57,385.05,422.58,399.55,406.32,410.37,386.15,415.34,362.04,416.69,338.43,413.06,314.35,396.20,305.25,384.65,303.43,368.63,306.50,356.29,310.63,289.07,309.72,300.20,306.97,316.41,308.71,329.03,311.77,298.73,320.25,311.51,313.37,325.12,320.33,311.62,323.29,311.67,317.66,387.43,316.57,374.05,310.77,361.06,318.81,374.77,320.69,374.25,315.07,342.97,317.03,329.35,348.12,324.00,358.81,329.85,365.98,345.28,369.22,360.38,364.70,365.64,357.08,359.41,346.83,343.94,338.76,333.82,363.66,356.26,362.70,318.56,387.49,328.30,382.27,338.52,380.66,345.79,381.97,352.90,380.04,363.21,380.79,373.35,385.22,366.22,391.11,357.51,395.05,346.37,396.58,335.11,395.96,326.11,392.77,332.54,388.08,346.04,388.56,359.45,386.98,359.30,384.99,346.00,387.01,332.55,386.13,344.86,359.31,303.88,315.33,319.62,314.95,318.66,322.07,304.59,322.41,381.87,312.11,366.10,313.01,367.63,320.02,381.71,319.23,
./P_45/1492719205697_12_-study-educational_advantages_of_social_networking_sites_writing_frames/1491424535700.png,1491424535700,0.2448258399963379,0.5568006038665771,0.2540555000305176,0.5480061769485474,0.25885416666666666,-0.28833333333333333,272.34,317.40,270.56,341.12,273.69,364.60,280.45,388.54,292.89,408.61,309.10,424.55,327.26,437.05,348.13,439.99,368.22,435.37,384.54,422.03,399.02,405.55,409.96,385.21,415.00,360.63,416.50,336.78,412.82,312.62,396.20,305.43,384.57,303.81,368.47,306.80,356.02,310.77,288.60,309.81,299.93,307.43,316.14,309.17,328.84,312.02,298.28,319.93,311.24,313.49,324.83,320.06,311.22,322.96,311.29,317.46,387.29,316.21,373.90,310.82,360.74,318.42,374.56,320.31,374.08,314.82,342.71,316.99,328.80,348.43,323.62,359.08,329.42,366.25,344.96,369.75,360.07,364.94,365.26,357.37,359.32,347.14,343.71,339.15,333.35,364.18,356.06,363.22,318.30,387.73,327.95,382.63,338.13,381.10,345.52,382.42,352.69,380.45,362.94,381.08,372.94,385.40,365.90,391.36,357.29,395.39,346.15,396.95,334.87,396.34,325.87,393.08,332.30,388.26,345.83,388.80,359.22,387.13,359.05,385.26,345.73,387.36,332.24,386.42,344.62,360.09,303.59,315.30,319.33,314.94,318.30,321.77,304.19,322.07,381.68,312.04,365.92,312.89,367.39,319.66,381.52,318.84,
./P_45/1492719205697_12_-study-educational_advantages_of_social_networking_sites_writing_frames/1491424535794.png,1491424535794,0.238475039601326,0.23132072389125824,0.26883187890052795,0.3395361304283142,0.11458333333333333,-0.4608333333333333,271.92,315.64,269.97,338.86,272.90,362.42,279.52,386.71,291.96,407.40,308.30,424.07,326.71,437.34,347.71,440.32,367.76,435.66,384.03,421.83,398.59,404.92,409.69,384.23,414.75,359.16,416.15,335.10,412.33,311.14,396.09,305.51,384.28,304.04,368.03,307.24,355.48,311.31,288.02,310.11,299.41,307.92,315.72,309.84,328.52,312.69,297.71,320.24,310.75,314.02,324.45,320.39,310.71,323.33,310.81,317.87,387.03,316.31,373.55,311.16,360.26,318.62,374.22,320.52,373.70,315.07,342.28,317.48,328.24,349.07,323.23,359.59,328.97,366.75,344.58,370.45,359.73,365.37,364.84,357.84,359.08,347.71,343.32,339.87,332.86,364.95,355.75,363.93,317.91,387.98,327.50,382.96,337.66,381.46,345.10,382.75,352.29,380.76,362.53,381.31,372.46,385.53,365.46,391.61,356.93,395.77,345.73,397.40,334.38,396.79,325.41,393.42,331.85,388.51,345.41,389.10,358.83,387.31,358.68,385.55,345.31,387.75,331.78,386.78,344.24,361.02,303.08,315.75,318.88,315.37,317.85,322.15,303.63,322.42,381.36,312.29,365.52,313.16,366.98,319.89,381.22,319.01,
./P_45/1492719205697_12_-study-educational_advantages_of_social_networking_sites_writing_frames/1491424535973.png,1491424535973,0.2625233232975006,0.3071775436401367,0.2726370394229889,0.3260228931903839,0.2609375,-0.010833333333333334,271.59,313.41,269.87,336.41,272.83,360.16,279.19,384.63,291.33,405.39,307.30,422.37,325.25,436.68,346.35,440.37,366.60,435.81,383.07,421.55,397.76,404.22,409.05,382.82,414.14,356.72,415.50,332.31,411.91,309.14,395.53,307.42,383.64,306.19,367.32,309.69,354.69,313.80,286.39,311.21,297.77,308.90,314.61,311.32,327.55,314.57,296.54,321.68,309.80,315.74,323.69,322.39,309.71,325.49,310.06,319.78,386.91,318.97,373.29,313.86,359.71,321.27,373.96,323.62,373.44,317.94,341.59,319.89,327.56,351.10,322.45,361.39,328.03,368.55,343.82,372.72,359.22,367.55,364.35,360.07,358.62,350.02,342.59,342.46,332.05,367.06,355.36,366.32,316.61,388.88,326.74,384.91,336.92,383.79,344.27,385.16,351.45,383.31,361.55,383.77,371.69,387.26,364.73,393.74,356.15,398.15,344.67,399.75,332.91,398.79,323.99,394.93,330.67,390.17,344.36,391.13,357.86,389.43,357.78,388.05,344.41,390.22,330.70,388.95,343.60,363.73,302.02,317.32,318.11,317.23,317.07,324.33,302.46,324.30,381.20,315.00,365.09,315.82,366.50,322.81,381.09,322.00,
./P_45/1492719205697_12_-study-educational_advantages_of_social_networking_sites_writing_frames/1491424536063.png,1491424536063,0.23437052965164185,0.3129221796989441,0.2672213017940521,0.21999996900558472,0.23177083333333334,0.21916666666666668,270.70,312.61,269.77,335.87,273.10,359.61,279.48,384.29,291.52,404.91,307.09,422.02,324.55,436.87,345.99,441.02,366.73,436.22,383.09,421.46,397.54,403.90,408.77,382.42,413.90,356.06,415.66,331.70,412.94,308.48,396.25,309.17,383.95,308.88,367.64,312.83,354.93,316.99,285.24,312.46,297.11,310.98,314.14,313.99,327.17,317.50,295.62,321.27,309.21,315.46,323.21,322.65,308.96,325.39,309.38,319.37,387.64,319.16,373.74,314.05,360.02,321.83,374.53,323.98,374.06,317.97,341.50,321.36,327.23,353.16,322.23,363.46,327.74,370.67,343.60,375.50,359.11,369.87,364.29,362.35,358.73,352.23,342.45,345.02,331.32,369.59,355.78,368.97,316.40,390.76,326.31,386.98,336.57,386.24,344.00,387.69,351.30,385.86,361.44,386.09,371.30,389.53,364.50,396.32,355.88,400.98,344.33,402.56,332.49,401.45,323.59,397.23,330.35,392.66,344.04,393.91,357.52,392.14,357.49,390.20,344.11,392.55,330.33,390.91,343.44,367.30,301.19,316.90,317.74,317.14,316.42,324.36,301.62,324.05,381.86,315.12,365.33,316.11,366.98,323.20,381.75,322.28,
./P_45/1492719205697_12_-study-educational_advantages_of_social_networking_sites_writing_frames/1491424536246.png,1491424536246,0.22724933922290802,0.29487037658691406,0.2540692687034607,0.27452903985977173,0.26458333333333334,0.6966666666666667,269.36,311.06,269.16,334.42,273.74,358.70,281.00,384.49,293.58,405.87,309.04,424.06,325.84,439.86,346.71,443.75,367.04,438.54,382.83,422.78,397.29,404.27,409.23,382.23,415.05,354.44,417.58,329.09,415.40,305.00,398.92,309.16,385.25,310.39,368.69,315.69,355.65,320.45,284.19,313.93,296.54,314.61,312.78,318.46,325.97,321.86,292.87,322.63,306.56,318.11,321.49,323.82,306.29,326.23,306.39,320.73,389.24,318.10,374.29,314.90,360.42,321.99,375.55,323.02,374.50,317.57,341.05,324.01,326.05,357.97,322.29,368.17,327.74,375.24,344.04,381.32,359.71,373.77,364.66,366.25,359.74,356.30,342.29,349.70,330.36,375.32,356.90,373.94,317.61,395.40,326.16,391.31,336.20,390.76,344.01,392.00,351.77,389.93,361.88,389.59,371.14,392.83,364.08,399.74,355.62,404.64,344.50,406.54,333.23,405.68,324.68,401.56,330.91,396.69,344.19,397.87,357.40,395.42,357.67,393.63,344.30,396.79,330.77,394.98,343.40,374.21,298.51,319.16,315.30,319.14,313.92,325.29,298.94,325.06,382.79,315.20,365.81,316.81,367.84,322.73,382.95,321.21,
./P_45/1492719205697_12_-study-educational_advantages_of_social_networking_sites_writing_frames/1491424536343.png,1491424536343,0.24339602887630463,0.24846908450126648,0.24256518483161926,0.31472450494766235,0.2755208333333333,0.4791666666666667,268.85,310.31,269.05,334.11,274.23,358.85,281.92,385.08,294.80,406.52,310.28,424.78,326.73,440.83,347.53,444.82,367.91,439.46,383.59,423.48,398.09,404.66,410.24,382.12,416.14,353.42,418.76,327.44,416.59,303.03,399.87,309.10,385.79,310.67,368.97,316.50,355.74,321.60,282.99,314.42,295.46,315.27,312.00,319.44,325.41,323.07,291.76,323.11,305.60,318.73,320.94,324.27,305.38,326.82,305.49,321.25,390.11,318.10,374.75,315.23,360.67,322.32,376.13,323.29,374.97,317.79,340.87,324.69,325.93,358.95,322.39,369.22,327.85,376.30,344.31,382.61,360.14,374.70,365.09,367.06,360.16,357.06,342.26,350.75,330.36,376.57,357.40,375.00,318.16,396.53,326.57,392.62,336.49,392.11,344.32,393.32,352.13,391.20,362.18,390.77,371.48,393.78,364.37,400.77,355.94,405.74,344.87,407.68,333.65,406.82,325.24,402.70,331.35,397.69,344.51,398.89,357.63,396.36,357.97,394.89,344.67,398.21,331.19,396.34,343.54,375.68,297.46,319.73,314.54,319.66,313.19,325.82,297.90,325.62,383.44,315.39,366.13,317.15,368.24,323.02,383.70,321.38,
./P_45/1492719205697_12_-study-educational_advantages_of_social_networking_sites_writing_frames/1491424536454.png,1491424536454,0.25370341539382935,0.2984910011291504,0.3283435106277466,0.1971045583486557,0.23020833333333332,0.3858333333333333,267.42,309.97,267.90,334.06,273.62,359.29,281.96,386.06,295.42,407.61,311.26,425.74,327.83,441.61,348.50,445.42,368.96,439.90,384.86,423.65,399.54,404.45,411.75,381.37,417.51,352.10,420.08,325.68,417.66,301.14,400.20,308.93,385.78,311.01,368.91,317.38,355.59,322.80,281.63,315.13,294.46,316.16,311.21,320.63,324.79,324.43,290.77,323.86,304.86,319.62,320.54,324.89,304.65,327.60,304.83,322.01,390.64,318.18,374.99,315.68,360.61,322.73,376.44,323.60,375.25,318.09,340.46,325.39,325.51,359.83,322.34,370.08,327.81,377.05,344.21,383.41,360.14,375.26,365.04,367.59,360.28,357.67,341.92,351.54,330.24,377.47,357.35,375.71,318.67,397.52,326.70,393.26,336.59,392.57,344.51,393.75,352.40,391.57,362.61,391.19,371.89,394.48,364.83,401.75,356.45,406.92,345.33,408.92,334.13,408.10,325.83,403.88,331.73,398.63,344.88,399.81,358.05,397.19,358.35,395.36,344.94,398.69,331.39,396.96,343.31,376.57,296.57,320.60,313.97,320.42,312.63,326.54,297.03,326.43,383.80,315.68,366.20,317.58,368.38,323.40,384.14,321.60,
./P_45/1492719205697_12_-study-educational_advantages_of_social_networking_sites_writing_frames/1491424536576.png,1491424536576,0.20402416586875916,0.24198700487613678,0.2588950991630554,0.200448140501976,0.3109375,0.25166666666666665,267.71,310.15,268.38,334.31,274.21,359.62,282.59,386.59,296.08,408.17,311.93,426.37,328.44,442.43,349.30,446.21,370.35,440.51,386.83,423.70,401.76,403.87,413.80,380.12,419.01,350.40,421.07,323.88,418.32,299.57,400.49,309.10,385.90,311.16,368.74,317.45,355.24,322.77,281.01,316.12,293.69,316.87,310.70,320.96,324.45,324.50,290.51,324.30,304.52,319.89,320.38,325.02,304.45,327.96,304.57,322.31,390.72,317.98,374.84,315.55,360.52,322.71,376.40,323.53,375.21,317.97,340.12,325.45,325.32,360.25,322.30,370.63,327.80,377.63,344.20,383.88,360.36,375.66,365.27,367.81,360.31,357.83,341.59,351.85,330.13,378.04,357.42,376.04,319.02,398.22,327.00,394.13,336.78,393.47,344.69,394.64,352.63,392.39,362.92,391.89,372.58,394.91,365.43,401.96,356.88,406.99,345.62,409.01,334.38,408.27,326.15,404.27,331.93,398.82,345.10,399.88,358.44,397.25,358.74,396.11,345.20,399.56,331.63,397.84,343.04,377.09,296.23,320.96,313.70,320.59,312.47,326.81,296.78,326.83,383.74,315.48,366.04,317.50,368.28,323.37,384.16,321.46,
./P_45/1492719205697_12_-study-educational_advantages_of_social_networking_sites_writing_frames/1491424536677.png,1491424536677,0.21808362007141113,0.2303583025932312,0.3107905983924866,0.3268994987010956,0.31302083333333336,0.24666666666666667,267.84,310.57,268.58,334.58,274.45,359.88,282.97,386.90,296.63,408.45,312.62,426.65,329.31,442.78,350.16,446.43,371.75,440.63,389.11,423.19,404.42,402.64,416.29,378.18,420.94,348.37,422.41,322.00,419.26,298.29,400.73,309.03,385.96,311.19,368.66,317.59,355.04,322.98,280.38,316.72,293.05,317.26,310.24,321.21,324.12,324.73,290.46,324.74,304.43,320.21,320.48,325.22,304.47,328.33,304.63,322.64,390.88,317.98,374.82,315.62,360.46,322.87,376.43,323.62,375.26,318.04,339.84,325.72,325.11,360.55,322.36,370.85,327.83,377.77,344.05,383.97,360.40,375.71,365.29,367.77,360.33,357.93,341.22,352.09,330.10,378.32,357.25,376.16,319.47,398.34,327.15,393.94,336.92,393.18,344.85,394.36,352.84,392.06,363.45,391.59,373.37,394.87,366.24,402.05,357.51,407.19,346.04,409.24,334.71,408.52,326.57,404.47,332.16,398.84,345.43,399.88,359.05,397.21,359.25,395.86,345.45,399.28,331.76,397.69,342.65,377.22,296.12,321.34,313.71,320.82,312.56,327.12,296.77,327.25,383.78,315.50,365.96,317.60,368.27,323.52,384.25,321.52,
./P_45/1492719205697_12_-study-educational_advantages_of_social_networking_sites_writing_frames/1491424536867.png,1491424536867,0.21200153231620789,0.2127176821231842,0.24179300665855408,0.2271757423877716,0.33125,0.13833333333333334,268.10,310.65,268.98,334.47,275.08,359.66,284.08,386.81,298.13,408.12,314.44,425.98,331.29,441.87,352.06,445.26,374.51,439.11,393.34,420.69,409.30,399.19,420.85,373.82,424.69,343.93,425.33,317.86,421.50,294.94,400.49,308.10,385.63,310.92,368.49,317.44,354.96,322.74,280.64,317.16,293.16,317.81,310.25,321.43,324.06,324.68,291.02,324.96,304.80,320.36,320.90,325.03,305.03,328.50,305.19,322.72,391.08,317.19,374.84,315.13,360.72,322.48,376.65,323.13,375.55,317.47,339.69,325.53,325.11,360.39,322.56,370.76,328.07,377.59,344.22,383.73,361.06,375.24,365.96,367.06,360.63,357.35,340.96,352.02,330.29,378.36,357.46,375.83,320.28,398.20,327.77,393.97,337.48,393.24,345.38,394.45,353.44,392.00,364.37,391.34,374.98,394.22,367.76,401.68,358.69,407.07,346.88,409.22,335.45,408.60,327.35,404.49,332.75,398.68,346.12,399.58,360.09,396.80,360.23,395.68,346.13,399.23,332.35,397.73,342.38,377.06,296.56,321.57,314.11,320.81,313.09,327.15,297.36,327.44,383.82,314.85,366.02,317.20,368.48,323.12,384.44,320.88,
./P_45/1492719205697_12_-study-educational_advantages_of_social_networking_sites_writing_frames/1491424536958.png,1491424536958,0.3274659812450409,0.2395852506160736,0.3741937577724457,0.3574908375740051,0.4270833333333333,0.1775,268.41,310.13,269.36,333.88,275.54,359.18,284.79,386.42,299.01,407.73,315.39,425.56,332.20,441.52,352.96,444.91,375.68,438.54,394.78,419.81,410.87,398.12,422.41,372.57,426.08,342.61,426.50,316.50,422.44,293.62,400.29,307.69,385.36,310.92,368.28,317.77,354.89,323.22,280.97,317.05,293.41,318.02,310.44,321.87,324.13,325.23,291.35,324.94,305.07,320.17,321.15,325.08,305.33,328.67,305.53,322.68,391.22,316.88,374.87,314.78,360.86,322.45,376.79,323.12,375.70,317.26,339.63,325.67,325.18,360.37,322.57,370.79,328.10,377.61,344.19,383.81,361.25,375.16,366.19,366.88,360.61,357.20,340.81,352.24,330.25,378.57,357.50,375.90,320.60,397.95,328.11,394.06,337.73,393.43,345.58,394.64,353.60,392.15,364.65,391.32,375.68,393.79,368.45,401.49,359.23,407.08,347.25,409.32,335.75,408.68,327.67,404.44,333.08,398.72,346.45,399.62,360.55,396.78,360.60,395.72,346.41,399.39,332.63,397.83,342.16,377.29,296.81,321.43,314.43,320.70,313.41,327.27,297.66,327.54,383.91,314.47,366.03,316.97,368.59,323.12,384.59,320.75,
./P_45/1492719205697_12_-study-educational_advantages_of_social_networking_sites_writing_frames/1491424537054.png,1491424537054,0.4140121042728424,0.2773776650428772,0.4287777543067932,0.31024169921875,0.3958333333333333,0.2,268.44,309.64,269.38,333.35,275.70,358.74,285.15,386.06,299.53,407.44,316.10,425.27,333.05,441.19,353.72,444.47,376.34,438.09,395.51,419.47,411.71,397.82,423.35,372.21,427.01,341.96,427.37,315.63,423.03,292.61,400.16,307.17,385.06,310.62,368.09,317.49,354.72,322.91,281.11,317.00,293.57,318.09,310.47,321.85,324.12,325.05,291.52,325.02,305.23,320.45,321.31,325.03,305.47,328.64,305.68,322.78,391.30,316.57,374.92,314.77,360.88,322.24,376.85,322.82,375.81,317.08,339.58,325.54,325.26,360.44,322.80,370.79,328.30,377.50,344.35,383.75,361.45,374.93,366.35,366.70,360.81,357.10,340.82,352.19,330.45,378.61,357.62,375.81,320.77,397.64,328.24,393.71,337.89,393.07,345.83,394.25,353.90,391.71,365.08,390.77,376.27,393.22,368.99,401.18,359.71,406.96,347.63,409.27,336.06,408.66,327.95,404.31,333.33,398.62,346.80,399.52,361.03,396.56,361.01,395.17,346.69,398.92,332.81,397.42,342.22,377.27,297.01,321.66,314.54,320.86,313.54,327.24,297.83,327.56,383.93,314.37,366.11,316.90,368.65,322.87,384.63,320.44,
./P_45/1492719205697_12_-study-educational_advantages_of_social_networking_sites_writing_frames/1491424537146.png,1491424537146,0.41771894693374634,0.20525236427783966,0.3831031620502472,0.2953368127346039,0.428125,0.2633333333333333,268.53,309.20,269.57,333.04,275.90,358.54,285.36,385.86,299.79,407.21,316.38,424.99,333.36,440.95,354.21,444.26,376.91,437.83,395.85,419.12,411.75,397.43,423.16,371.79,426.62,341.56,426.91,315.24,422.63,292.24,399.96,307.02,384.95,310.62,368.10,317.61,354.84,323.03,281.20,316.56,293.73,317.74,310.68,321.71,324.27,325.03,291.58,324.57,305.33,319.80,321.44,324.78,305.56,328.38,305.78,322.35,391.37,316.40,374.99,314.36,360.94,322.12,376.94,322.76,375.86,316.87,339.76,325.39,325.56,360.19,323.02,370.60,328.53,377.33,344.61,383.55,361.69,374.80,366.59,366.54,361.03,356.91,341.08,352.01,330.71,378.34,357.97,375.60,320.95,397.44,328.59,393.67,338.26,393.06,346.22,394.22,354.30,391.72,365.46,390.80,376.66,393.13,369.39,400.82,360.09,406.41,348.00,408.65,336.37,408.04,328.21,403.88,333.61,398.20,347.16,399.05,361.43,396.22,361.39,395.17,347.09,398.93,333.12,397.37,342.58,377.09,297.04,321.05,314.72,320.36,313.68,326.98,297.88,327.23,384.05,314.02,366.13,316.58,368.71,322.78,384.75,320.34,
./P_45/1492719205697_12_-study-educational_advantages_of_social_networking_sites_writing_frames/1491424537240.png,1491424537240,0.40599504113197327,0.17531843483448029,0.4453963339328766,0.3063165545463562,0.3703125,0.2783333333333333,268.42,309.01,269.51,332.79,275.81,358.26,285.32,385.73,299.74,407.10,316.30,424.93,333.35,440.83,354.23,444.09,376.88,437.52,395.59,418.62,411.26,396.85,422.42,371.33,425.76,341.35,426.09,315.19,421.86,292.23,399.81,306.70,384.91,310.16,368.04,316.90,354.74,322.13,281.19,316.38,293.83,317.43,310.74,321.13,324.33,324.21,291.68,324.22,305.45,319.63,321.41,324.33,305.60,327.84,305.82,321.99,391.21,315.91,375.01,314.06,360.95,321.55,376.87,322.08,375.87,316.37,339.73,324.92,325.50,359.98,322.97,370.37,328.48,377.04,344.50,383.32,361.52,374.47,366.38,366.27,360.89,356.69,341.04,351.68,330.57,378.10,357.87,375.34,321.07,397.08,328.61,393.21,338.27,392.62,346.26,393.76,354.34,391.27,365.54,390.26,376.67,392.68,369.57,400.60,360.32,406.40,348.20,408.73,336.56,408.09,328.36,403.75,333.81,398.20,347.36,399.17,361.60,396.17,361.43,394.59,347.13,398.37,333.20,396.82,342.51,376.90,297.20,320.84,314.72,320.12,313.66,326.46,297.99,326.75,383.93,313.68,366.22,316.19,368.73,322.15,384.61,319.72,
./P_45/1492719205697_12_-study-educational_advantages_of_social_networking_sites_writing_frames/1491424537603.png,1491424537603,0.20818442106246948,0.6837078928947449,0.19513137638568878,0.6505102515220642,0.4244791666666667,0.3125,268.23,308.75,268.98,332.54,274.98,357.85,284.20,385.05,298.49,406.41,314.89,424.33,331.75,440.34,352.45,443.64,374.86,437.34,393.50,418.57,409.39,396.84,420.92,371.34,424.62,341.51,424.95,315.43,420.70,292.56,399.55,305.79,384.77,308.69,367.62,315.46,354.18,320.96,280.83,315.38,293.36,315.93,310.58,319.63,324.37,322.97,291.41,323.04,305.15,318.05,321.16,323.11,305.42,326.72,305.62,320.71,390.41,314.91,374.22,312.59,360.22,320.42,376.10,321.10,375.01,315.22,339.39,323.36,325.09,358.29,322.44,368.69,327.99,375.50,343.99,381.47,360.82,373.01,365.69,364.81,360.19,355.14,340.66,349.85,330.21,376.30,357.12,373.67,320.33,395.85,327.85,391.64,337.52,390.82,345.40,392.02,353.38,389.54,364.40,388.83,375.22,391.63,368.11,399.33,359.06,404.96,347.10,407.23,335.57,406.62,327.44,402.33,332.88,396.64,346.29,397.52,360.34,394.65,360.35,393.28,346.18,396.90,332.40,395.44,342.09,374.82,296.88,319.38,314.47,318.60,313.48,325.31,297.73,325.64,383.20,312.35,365.39,314.81,367.92,321.11,383.87,318.75,
./P_45/1492719205697_12_-study-educational_advantages_of_social_networking_sites_writing_frames/1491424537698.png,1491424537698,0.20302823185920715,0.6350523233413696,0.18200431764125824,0.5546443462371826,0.17447916666666666,-0.10833333333333334,268.62,308.94,268.95,332.67,274.64,357.89,283.76,384.81,298.05,405.94,314.55,423.43,331.41,439.04,351.87,442.14,374.04,436.07,392.75,417.76,409.12,396.53,421.00,371.28,424.80,341.64,424.85,315.57,420.06,292.70,399.61,304.15,384.88,305.44,366.81,311.74,352.91,317.39,280.48,314.42,292.58,313.32,310.54,316.24,324.81,319.47,291.57,322.81,305.25,317.30,321.33,322.33,305.76,326.52,305.96,320.39,390.10,314.22,373.89,311.46,359.82,319.44,375.69,320.57,374.60,314.57,339.03,320.85,324.91,356.12,321.75,366.70,327.48,373.57,343.57,378.75,360.69,370.92,365.65,362.64,359.56,352.91,340.19,346.95,330.11,373.81,356.34,371.13,319.47,393.58,327.71,389.53,337.34,388.51,345.07,389.71,352.88,387.20,363.96,386.61,375.52,389.02,368.12,396.60,358.94,402.16,346.76,404.49,335.05,403.98,326.79,399.83,332.40,393.80,345.89,394.41,360.15,391.63,360.22,391.54,345.89,395.05,332.10,393.84,341.54,371.42,297.06,318.89,314.54,317.78,313.86,324.87,297.93,325.51,382.84,311.43,365.06,313.72,367.41,320.44,383.57,318.20,
./P_45/1492719205697_12_-study-educational_advantages_of_social_networking_sites_writing_frames/1491424537791.png,1491424537791,0.1759081482887268,0.5156728029251099,0.18857306241989136,0.5233964323997498,0.28177083333333336,-0.19833333333333333,268.88,309.52,269.05,333.00,274.52,357.94,283.56,384.26,297.72,405.09,314.20,422.05,331.09,437.06,351.35,440.00,373.29,433.93,392.22,416.22,409.00,395.65,421.18,370.83,425.21,341.73,425.07,315.76,419.92,292.83,399.03,301.83,384.69,302.59,366.66,309.00,352.94,315.10,280.84,313.28,292.38,311.51,310.32,314.24,324.52,317.67,292.17,322.59,305.64,316.45,321.60,321.79,306.39,326.31,306.65,320.02,389.61,313.16,373.54,309.94,359.67,318.48,375.39,319.77,374.31,313.58,338.87,319.48,324.84,353.56,321.31,364.17,327.19,371.12,343.25,375.81,360.49,368.22,365.48,359.87,358.89,350.21,339.86,344.58,330.10,371.12,355.60,368.29,318.75,391.13,327.46,387.25,337.14,386.09,344.71,387.24,352.34,384.69,363.50,384.06,375.57,386.04,368.06,393.98,358.78,399.72,346.42,402.25,334.55,401.83,326.09,397.62,331.92,391.77,345.51,392.15,359.95,389.29,360.01,389.12,345.51,392.64,331.72,391.65,341.08,368.04,297.54,318.30,314.89,317.03,314.40,324.52,298.54,325.35,382.46,310.05,364.76,312.46,367.11,319.61,383.21,317.29,
./P_45/1492719205697_12_-study-educational_advantages_of_social_networking_sites_writing_frames/1491424537970.png,1491424537970,0.155938982963562,0.44962888956069946,0.19976046681404114,0.46103954315185547,0.33958333333333335,-0.1325,269.15,310.23,269.75,333.44,275.31,357.95,284.29,383.51,297.95,403.58,314.04,419.50,330.98,433.06,351.15,435.71,373.13,429.39,392.52,412.63,409.28,393.18,421.12,369.46,425.03,341.51,424.97,315.89,419.63,292.65,396.25,298.38,382.45,299.76,365.66,306.00,352.79,311.89,281.78,311.55,293.06,309.78,310.15,312.10,323.65,315.14,293.40,321.65,306.61,315.23,321.95,320.72,307.43,325.24,307.93,318.93,388.53,311.29,373.08,307.94,359.53,316.88,375.02,318.06,374.35,311.75,338.38,318.06,324.69,351.51,321.04,362.06,326.98,368.79,342.41,373.12,359.48,365.67,364.46,357.48,357.59,348.04,339.05,342.50,329.74,368.59,354.32,365.60,318.01,388.68,326.82,384.86,336.54,383.63,344.02,384.69,351.44,382.16,362.73,381.31,375.23,383.03,367.68,391.45,358.31,397.45,345.86,400.21,334.02,399.89,325.34,395.59,331.30,390.15,344.87,390.37,359.43,387.33,359.31,386.18,344.74,389.65,331.10,388.90,340.07,365.17,298.67,317.22,315.58,315.93,315.12,323.43,299.73,324.36,381.74,308.08,364.50,310.73,366.92,317.97,382.47,315.49,
./P_45/1492719205697_12_-study-educational_advantages_of_social_networking_sites_writing_frames/1491424538241.png,1491424538241,0.30809682607650757,0.4507451057434082,0.292974591255188,0.5006722211837769,0.3015625,0.1575,269.15,309.88,270.45,333.12,276.62,357.07,285.58,381.92,298.73,401.00,314.32,415.88,331.01,428.53,351.09,431.23,372.79,424.99,391.92,409.33,408.26,391.02,419.78,368.24,423.83,340.67,424.38,315.37,419.63,292.06,394.33,297.92,380.64,300.46,365.08,306.59,352.93,311.93,283.75,310.88,295.22,310.06,311.30,312.46,324.06,315.10,294.22,321.20,307.30,315.02,322.33,320.66,307.99,325.13,308.46,318.65,388.06,311.01,372.88,307.87,359.64,316.87,374.98,318.06,374.32,311.57,338.73,318.02,325.53,352.06,321.93,362.56,327.81,369.10,343.04,373.22,359.76,366.02,364.70,358.05,357.92,348.61,339.61,342.72,330.38,368.50,354.91,365.54,318.77,389.24,327.52,385.69,337.17,384.45,344.62,385.50,352.02,382.98,363.06,382.18,375.16,383.70,367.66,391.87,358.42,397.65,346.29,400.24,334.69,400.02,326.06,395.92,331.99,390.41,345.30,390.48,359.51,387.66,359.48,386.81,345.28,390.17,331.86,389.49,340.82,365.48,299.40,316.90,316.20,315.81,315.58,323.36,300.42,324.10,381.45,307.90,364.39,310.74,366.97,317.95,382.24,315.36,
./P_45/1492719205697_12_-study-educational_advantages_of_social_networking_sites_writing_frames/1491424538344.png,1491424538344,0.2798629403114319,0.450404554605484,0.2978973984718323,0.5079799890518188,0.3416666666666667,0.14583333333333334,268.46,309.39,270.28,332.74,276.81,356.53,285.91,381.20,299.08,399.91,314.50,414.67,331.04,427.45,351.13,430.36,372.79,424.09,391.67,408.41,407.67,390.17,419.09,367.63,423.24,340.18,424.19,315.06,420.10,291.79,394.57,298.40,380.83,301.64,365.66,307.89,353.61,313.13,283.50,310.61,295.22,310.57,310.96,313.36,323.60,316.12,293.84,320.38,307.00,314.41,322.02,320.43,307.53,324.55,307.96,317.91,388.22,310.77,372.96,307.71,359.80,316.90,375.11,317.86,374.39,311.24,338.88,318.82,325.70,353.55,322.25,363.96,328.07,370.48,343.34,375.19,359.90,367.57,364.85,359.62,358.34,350.22,339.92,344.45,330.37,370.28,355.58,367.40,319.15,390.21,327.72,386.92,337.41,386.03,344.94,387.13,352.41,384.63,363.41,383.59,375.17,385.01,367.82,393.27,358.57,399.17,346.58,401.69,335.06,401.34,326.42,397.06,332.33,391.69,345.61,391.96,359.72,389.16,359.66,388.04,345.57,391.53,332.12,390.57,341.27,368.04,299.02,316.15,315.98,315.37,315.13,322.92,300.00,323.39,381.59,307.69,364.44,310.64,367.18,317.81,382.37,315.14,
./P_45/1492719205697_12_-study-educational_advantages_of_social_networking_sites_writing_frames/1491424538439.png,1491424538439,0.2674780488014221,0.4633437395095825,0.3031006157398224,0.48468926548957825,0.16875,0.38666666666666666,269.05,308.81,270.92,331.82,277.64,355.55,286.75,380.11,299.75,398.87,314.96,414.02,331.22,427.43,351.02,430.69,372.43,424.53,391.18,408.59,406.97,390.02,418.34,367.31,422.76,339.65,424.00,314.56,420.52,291.86,395.28,299.34,381.43,302.95,366.59,309.58,354.67,314.91,284.06,310.09,295.72,310.93,310.92,314.48,323.32,317.59,293.36,321.86,306.42,316.66,321.63,322.31,306.83,326.29,307.22,319.88,389.05,312.95,373.67,310.51,360.49,319.12,375.83,320.07,374.79,313.74,339.43,321.42,326.03,355.88,322.65,365.99,328.31,372.46,343.97,377.89,360.59,369.75,365.53,361.90,359.20,352.68,340.58,347.19,330.63,372.72,356.52,369.94,319.56,391.68,328.14,388.96,337.79,388.38,345.27,389.45,352.82,387.05,363.65,385.94,375.18,386.92,367.88,395.45,358.65,401.51,346.78,404.05,335.30,403.45,326.77,398.86,332.73,393.69,345.89,394.29,359.77,391.42,359.82,390.32,345.93,393.87,332.54,392.66,341.97,371.06,298.50,318.12,315.41,317.57,314.49,324.77,299.40,324.97,382.32,310.31,365.21,313.26,367.90,320.03,383.11,317.36,
./P_45/1492719205697_12_-study-educational_advantages_of_social_networking_sites_writing_frames/1491424538539.png,1491424538539,0.30694857239723206,0.5889952182769775,0.26728200912475586,0.4637971520423889,0.2578125,0.32916666666666666,268.55,307.69,270.51,330.64,277.37,354.66,286.53,379.45,299.73,398.54,315.04,414.02,331.41,427.74,351.22,430.95,372.50,424.91,390.89,408.87,406.42,390.18,417.87,367.40,422.40,339.60,423.93,314.27,420.92,291.52,396.31,300.04,382.03,304.39,367.40,311.88,355.56,317.64,284.15,309.93,296.32,311.94,311.13,316.63,323.41,320.26,292.73,322.25,306.00,317.10,321.68,323.22,306.28,327.03,306.63,320.42,389.80,313.55,374.05,311.12,360.61,320.14,376.28,320.91,374.91,314.45,339.84,323.18,326.16,357.80,323.27,367.61,328.78,374.00,344.41,379.78,360.79,371.38,365.61,363.67,359.92,354.61,341.11,349.19,330.89,374.52,357.07,371.79,320.04,393.02,328.17,389.91,337.95,389.24,345.61,390.26,353.36,387.88,364.35,386.88,375.46,388.36,368.09,396.51,358.93,402.28,347.15,404.69,335.74,404.12,327.34,399.81,333.04,394.45,346.31,394.94,360.29,392.22,360.37,391.16,346.31,394.74,332.72,393.50,342.51,373.36,297.84,318.48,315.30,318.14,314.19,325.61,298.73,325.61,382.97,310.86,365.33,313.96,368.19,320.96,383.77,318.15,
./P_45/1492719205697_12_-study-educational_advantages_of_social_networking_sites_writing_frames/1491424538992.png,1491424538992,0.15336596965789795,0.5544610619544983,0.183649480342865,0.48002392053604126,0.25625,0.32416666666666666,268.18,306.59,269.14,329.73,275.14,354.93,284.16,382.25,298.14,403.58,314.40,421.41,331.44,437.33,352.29,440.79,374.69,434.28,393.22,415.66,408.78,394.44,419.99,369.58,423.70,340.11,424.47,314.24,420.87,291.62,399.17,305.90,384.68,309.50,368.23,316.35,355.29,321.60,282.10,314.61,294.60,316.23,311.01,320.37,324.22,323.68,291.98,323.53,305.68,319.00,321.42,324.19,305.77,327.73,306.02,321.61,390.68,315.86,374.74,313.81,360.85,321.56,376.63,322.39,375.51,316.39,339.93,325.07,325.49,359.69,322.73,369.91,328.19,376.64,344.18,383.09,360.95,374.28,365.81,366.21,360.39,356.74,341.12,351.83,330.27,377.78,357.47,375.25,320.45,396.13,328.35,393.03,337.86,392.70,345.61,393.88,353.44,391.49,364.24,390.39,375.21,392.07,368.18,399.92,359.12,405.63,347.20,407.95,335.72,407.22,327.55,402.83,333.18,397.31,346.45,398.31,360.35,395.42,360.33,394.69,346.37,398.42,332.76,396.70,342.41,376.96,297.44,320.14,314.91,319.71,313.78,326.37,298.19,326.42,383.61,313.49,365.97,316.06,368.51,322.36,384.28,319.90,
./P_45/1492719205697_12_-study-educational_advantages_of_social_networking_sites_writing_frames/1491424539171.png,1491424539171,0.12427014112472534,0.46061378717422485,0.14801134169101715,0.405603289604187,0.1421875,0.2866666666666667,268.92,308.02,269.13,331.29,274.77,356.65,283.85,383.95,298.21,405.70,314.88,423.96,331.91,440.42,352.39,443.61,374.45,437.53,393.11,418.68,409.48,396.88,421.50,371.10,425.31,340.78,425.28,314.41,420.45,291.85,400.31,305.51,385.46,307.35,367.57,313.96,353.69,319.64,280.64,315.84,292.77,315.33,310.55,318.58,324.80,321.82,291.59,324.34,305.35,319.38,321.53,323.94,305.76,327.96,306.02,322.11,390.74,315.64,374.44,313.47,360.24,321.00,376.25,321.95,375.10,316.22,339.46,323.18,325.10,358.23,322.29,368.55,327.87,375.38,344.18,381.14,361.32,372.68,366.17,364.48,360.44,354.92,340.73,349.48,330.46,376.19,357.16,373.43,319.77,395.00,327.93,391.20,337.63,390.40,345.51,391.54,353.48,389.02,364.54,388.20,375.95,390.38,368.54,398.13,359.37,403.80,347.15,406.21,335.33,405.65,327.07,401.40,332.65,395.48,346.29,396.22,360.65,393.27,360.76,393.01,346.32,396.73,332.34,395.37,342.17,374.23,297.18,320.78,314.64,319.71,313.91,326.42,297.96,326.96,383.40,313.24,365.61,315.58,367.94,321.91,384.13,319.58,
./P_45/1492719205697_12_-study-educational_advantages_of_social_networking_sites_writing_frames/1491424539349.png,1491424539349,0.1391196995973587,0.4782736599445343,0.1629382222890854,0.4412606358528137,0.315625,0.12333333333333334,269.73,310.36,269.67,334.00,275.21,359.11,284.41,385.45,298.61,406.09,315.13,422.63,332.01,437.17,352.01,440.06,373.93,434.11,393.34,416.78,410.56,396.42,422.91,371.52,426.94,342.18,426.64,316.00,421.00,293.08,398.86,302.52,384.56,303.27,366.76,309.28,353.16,315.03,282.01,314.17,293.29,312.28,310.91,314.55,324.92,317.61,293.38,323.80,306.69,317.94,322.48,322.76,307.45,327.32,307.69,321.31,389.76,314.29,373.78,311.38,360.04,319.47,375.61,320.73,374.68,314.81,339.26,320.15,325.31,353.99,321.80,364.54,327.65,371.34,343.58,376.01,360.94,368.40,365.93,360.14,359.25,350.58,340.12,344.98,330.69,371.45,355.75,368.58,318.80,390.96,327.78,387.30,337.55,386.25,345.19,387.39,352.92,384.82,364.28,384.02,376.85,385.70,369.16,394.06,359.64,400.02,347.00,402.62,334.92,402.19,326.33,397.81,332.23,392.21,346.08,392.60,360.89,389.64,360.81,388.98,346.00,392.52,332.01,391.59,341.26,368.10,298.77,319.75,315.75,318.37,315.37,325.54,299.72,326.43,382.56,311.44,365.17,313.78,367.42,320.61,383.32,318.32,
./P_45/1492719205697_12_-study-educational_advantages_of_social_networking_sites_writing_frames/1491424539629.png,1491424539629,0.1594269722700119,0.5774540901184082,0.19861756265163422,0.5744967460632324,0.3776041666666667,0.0625,270.12,311.03,270.80,334.74,276.69,359.22,286.10,384.64,299.95,404.20,316.00,419.62,332.59,432.77,352.47,435.45,374.26,429.18,393.33,412.82,409.86,393.69,421.58,370.29,425.57,342.45,425.71,317.00,420.36,293.50,395.82,299.28,381.94,301.08,365.42,307.04,352.72,312.51,283.42,311.46,294.81,310.25,311.50,312.54,324.70,315.37,294.39,321.02,307.44,315.01,322.48,320.21,308.09,324.45,308.46,318.35,388.57,311.27,373.24,308.21,359.95,316.64,375.13,317.69,374.54,311.60,338.86,317.66,325.45,351.30,321.71,362.00,327.62,368.62,343.00,373.07,360.11,365.60,365.14,357.44,358.16,347.92,339.60,342.31,330.31,368.46,355.06,365.54,319.08,388.37,327.78,384.67,337.39,383.59,344.89,384.69,352.36,382.16,363.65,381.25,376.16,382.94,368.65,391.42,359.22,397.51,346.88,400.14,335.19,399.77,326.55,395.38,332.49,390.18,345.93,390.55,360.36,387.56,360.08,386.01,345.68,389.51,332.13,388.61,340.66,365.17,299.63,316.85,316.22,315.67,315.65,322.73,300.62,323.57,381.75,308.28,364.86,310.80,367.24,317.60,382.47,315.22,
./P_45/1492719205697_12_-study-educational_advantages_of_social_networking_sites_writing_frames/1491424539812.png,1491424539812,0.1735404133796692,0.5080655813217163,0.2082374393939972,0.46221497654914856,0.6052083333333333,0.49083333333333334,270.43,310.25,271.03,333.66,276.86,357.97,286.13,383.32,299.86,403.06,315.85,418.82,332.43,432.36,352.20,435.07,373.91,428.94,393.09,412.32,409.63,392.84,421.36,369.14,425.37,341.19,425.48,315.84,420.18,292.75,395.70,299.08,381.83,301.06,365.49,307.12,352.84,312.57,283.66,311.09,295.01,310.05,311.56,312.49,324.72,315.35,294.39,320.86,307.41,314.98,322.51,320.09,308.05,324.36,308.46,318.29,388.58,311.25,373.23,308.30,359.94,316.62,375.15,317.70,374.48,311.65,338.95,317.70,325.45,351.42,321.89,362.01,327.72,368.66,343.14,373.12,360.19,365.70,365.18,357.55,358.40,348.04,339.72,342.36,330.40,368.45,355.21,365.55,319.47,388.84,327.85,385.00,337.38,383.79,344.88,384.90,352.38,382.38,363.55,381.67,375.66,383.60,368.21,391.79,358.91,397.68,346.75,400.21,335.22,399.86,326.76,395.59,332.53,390.18,345.81,390.53,360.05,387.63,359.92,386.42,345.66,389.82,332.22,388.95,340.81,365.25,299.59,316.76,316.22,315.59,315.64,322.65,300.58,323.44,381.77,308.33,364.83,310.85,367.23,317.61,382.49,315.23,
./P_45/1492719205697_12_-study-educational_advantages_of_social_networking_sites_writing_frames/1491424539996.png,1491424539996,0.2479936182498932,0.49947959184646606,0.2717180848121643,0.45294857025146484,0.49166666666666664,0.325,270.31,309.04,270.57,332.39,276.08,356.94,285.11,382.85,298.85,403.07,314.97,419.30,331.74,433.35,351.77,436.16,373.67,430.05,392.82,412.94,409.41,393.01,421.09,368.87,424.92,340.53,424.87,315.07,419.56,292.24,396.58,300.18,382.65,301.63,365.74,307.43,352.73,312.71,283.29,311.66,294.74,310.30,311.71,312.54,325.14,315.28,294.16,321.03,307.31,315.30,322.54,320.17,307.93,324.49,308.27,318.53,388.76,311.78,373.35,308.89,359.87,316.88,375.15,318.08,374.45,312.16,339.09,317.72,325.35,351.49,321.78,362.07,327.57,368.76,343.15,373.27,360.25,365.89,365.21,357.77,358.56,348.23,339.86,342.43,330.35,368.58,355.29,365.80,319.15,388.80,327.73,385.00,337.31,383.86,344.86,384.99,352.43,382.49,363.60,381.80,375.74,383.73,368.31,391.84,358.99,397.67,346.68,400.18,334.95,399.78,326.47,395.51,332.33,390.02,345.77,390.44,360.14,387.55,360.01,386.58,345.62,389.97,332.04,389.05,340.92,365.42,299.48,317.04,316.14,315.82,315.60,322.78,300.40,323.58,381.88,308.93,364.90,311.28,367.18,317.95,382.58,315.68,
./P_45/1492719205697_12_-study-educational_advantages_of_social_networking_sites_writing_frames/1491424540421.png,1491424540421,0.14696107804775238,0.4831007122993469,0.18215897679328918,0.4861311912536621,0.20260416666666667,0.4033333333333333,269.16,308.85,269.75,331.88,275.67,356.73,284.98,382.46,298.72,402.88,314.89,419.84,332.00,434.68,352.10,437.87,373.98,431.54,393.26,414.05,409.45,393.74,421.04,369.71,425.24,341.30,425.64,315.48,421.05,292.64,396.38,299.23,382.37,302.08,366.59,308.82,354.23,314.50,282.81,309.26,294.16,309.95,309.79,313.70,322.51,317.16,292.66,322.78,305.62,317.62,321.01,323.04,306.04,327.05,306.41,320.90,389.25,314.05,373.69,311.58,360.34,319.88,375.67,320.94,374.57,314.89,338.91,322.37,325.24,356.67,321.73,366.92,327.46,373.55,343.26,379.51,360.27,370.85,365.34,362.74,358.82,353.48,339.89,348.21,329.97,374.49,355.86,371.71,319.16,392.34,327.82,389.66,337.37,389.20,344.79,390.26,352.31,387.88,363.39,386.65,375.58,387.53,368.21,396.36,358.79,402.80,346.64,405.55,335.01,404.71,326.51,399.81,332.49,394.81,345.80,395.75,359.94,392.57,359.72,391.30,345.62,394.98,332.17,393.61,341.05,372.31,297.76,319.09,314.53,318.49,313.75,325.54,298.65,325.78,382.35,311.45,365.30,314.16,367.75,320.88,383.09,318.33,
./P_45/1492719205697_12_-study-educational_advantages_of_social_networking_sites_writing_frames/1491424540529.png,1491424540529,0.14657723903656006,0.47614794969558716,0.16400916874408722,0.4317324459552765,0.28958333333333336,0.31,269.35,309.08,270.24,331.98,276.42,356.73,285.76,382.13,299.45,402.64,315.49,420.04,332.43,435.45,352.34,438.68,374.06,432.61,393.28,414.92,409.33,394.19,420.99,369.81,425.27,341.16,425.78,315.25,421.44,292.64,396.76,299.12,382.43,302.29,366.95,309.47,354.53,315.39,282.05,308.96,293.49,309.91,308.95,314.20,321.76,317.96,291.74,323.35,304.82,318.21,320.65,323.88,305.22,327.83,305.73,321.58,389.93,314.75,374.06,312.30,360.43,320.85,376.14,321.82,374.82,315.74,338.85,323.61,325.10,358.77,322.01,368.82,327.61,375.45,343.53,381.58,360.59,372.81,365.60,364.70,359.48,355.50,339.97,349.85,330.01,376.31,356.36,373.52,319.61,394.73,327.72,391.66,337.35,390.96,344.99,391.97,352.76,389.61,363.95,388.67,375.66,390.12,368.19,398.42,358.77,404.49,346.78,407.10,335.26,406.26,326.92,401.68,332.59,396.32,345.93,397.18,360.09,394.19,360.03,393.32,345.86,396.93,332.24,395.61,341.29,374.44,296.79,319.64,313.99,319.11,313.13,326.38,297.70,326.49,382.95,312.12,365.46,314.93,368.05,321.81,383.72,319.17,
./P_45/1492719205697_12_-study-educational_advantages_of_social_networking_sites_writing_frames/1491424540623.png,1491424540623,0.1292315125465393,0.4627501964569092,0.15101037919521332,0.4521838426589966,0.2942708333333333,0.22333333333333333,269.46,309.22,270.59,332.20,277.00,356.95,286.35,382.28,300.02,402.82,315.97,420.43,332.72,436.23,352.60,439.55,374.25,433.61,393.31,415.81,409.30,394.85,421.06,370.18,425.38,341.12,425.94,315.02,421.76,292.47,397.62,299.53,383.07,302.68,367.44,310.07,354.81,316.16,281.32,309.48,292.81,310.31,308.51,314.76,321.57,318.66,291.11,323.85,304.31,318.77,320.44,324.40,304.74,328.36,305.28,322.11,390.65,315.21,374.54,312.87,360.71,321.42,376.66,322.34,375.22,316.28,338.98,324.28,325.22,359.84,322.30,369.85,327.88,376.51,343.96,382.76,361.07,373.87,366.05,365.72,360.09,356.49,340.25,350.77,330.24,377.37,356.97,374.54,320.03,395.93,327.99,392.78,337.63,392.05,345.34,393.04,353.21,390.68,364.35,389.82,375.84,391.42,368.31,399.45,358.93,405.34,347.04,407.88,335.56,407.04,327.31,402.61,332.85,397.05,346.18,397.90,360.29,394.98,360.36,394.51,346.21,398.15,332.55,396.80,341.73,375.68,296.20,320.17,313.63,319.62,312.78,326.92,297.11,327.02,383.57,312.65,365.83,315.49,368.45,322.34,384.36,319.68,
./P_45/1492719205697_12_-study-educational_advantages_of_social_networking_sites_writing_frames/1491424540718.png,1491424540718,0.11793510615825653,0.4745195508003235,0.1695260852575302,0.4070701003074646,0.30885416666666665,0.25083333333333335,269.29,309.17,270.49,332.30,276.99,357.30,286.51,382.97,300.31,403.63,316.23,421.39,332.85,437.38,352.74,440.79,374.45,434.68,393.31,416.60,409.26,395.45,421.05,370.68,425.38,341.43,426.00,315.17,421.88,292.47,398.36,299.98,383.73,302.94,367.72,310.42,354.90,316.64,280.89,309.97,292.43,310.71,308.39,315.20,321.62,319.19,290.84,324.31,304.11,319.27,320.33,324.87,304.52,328.88,305.04,322.59,391.05,315.54,374.86,313.26,360.96,321.80,376.95,322.73,375.48,316.64,339.01,324.79,325.19,360.57,322.21,370.64,327.83,377.33,343.95,383.74,361.15,374.66,366.15,366.46,360.10,357.20,340.25,351.57,330.11,378.36,357.07,375.48,320.29,396.49,328.30,393.54,337.82,392.94,345.47,393.93,353.29,391.58,364.41,390.58,376.03,391.94,368.59,400.20,359.23,406.30,347.30,408.94,335.81,408.02,327.59,403.39,333.20,397.89,346.43,398.87,360.49,395.82,360.49,395.36,346.38,399.09,332.83,397.65,341.69,376.78,295.97,320.67,313.46,320.12,312.61,327.40,296.86,327.52,383.91,313.02,366.12,315.87,368.72,322.73,384.72,320.04,
./P_45/1492719205697_12_-study-educational_advantages_of_social_networking_sites_writing_frames/1491424540820.png,1491424540820,0.12416834384202957,0.5263289213180542,0.16550958156585693,0.4594099819660187,0.32760416666666664,0.14416666666666667,269.06,309.33,270.11,332.52,276.50,357.76,286.09,383.77,300.11,404.78,316.20,422.85,332.96,439.03,352.95,442.35,374.77,436.13,393.62,417.58,409.56,395.98,421.33,370.86,425.56,341.55,426.01,315.17,421.76,292.45,398.78,300.09,384.17,303.06,367.99,310.82,355.12,317.29,280.67,310.31,292.34,311.07,308.48,315.76,321.82,319.93,290.70,324.57,304.07,319.30,320.42,325.06,304.51,329.15,305.04,322.77,391.27,315.54,374.99,313.10,361.00,321.91,377.11,322.82,375.57,316.64,339.13,325.03,325.15,360.67,322.24,370.80,327.88,377.56,344.03,383.91,361.22,374.83,366.20,366.55,360.20,357.26,340.35,351.71,330.16,378.56,357.13,375.65,320.51,397.09,328.36,393.88,337.88,393.11,345.55,394.09,353.38,391.72,364.53,390.84,376.04,392.43,368.64,400.53,359.34,406.52,347.41,409.17,335.95,408.31,327.77,403.80,333.30,398.20,346.53,399.09,360.60,396.05,360.62,395.66,346.48,399.39,332.91,397.99,341.77,376.88,295.83,320.76,313.51,320.16,312.67,327.63,296.77,327.81,384.12,312.88,366.15,315.79,368.80,322.84,384.94,320.10,
./P_45/1492719205697_12_-study-educational_advantages_of_social_networking_sites_writing_frames/1491424540918.png,1491424540918,0.121006079018116,0.5280898213386536,0.15349897742271423,0.4196400046348572,0.3302083333333333,0.27,268.88,309.64,269.79,332.93,276.15,358.26,285.80,384.54,300.00,405.78,316.24,424.05,333.09,440.28,353.11,443.50,375.00,437.26,393.92,418.46,409.91,396.55,421.67,371.16,425.86,341.71,426.23,315.28,421.83,292.52,398.87,300.75,384.18,304.07,368.05,311.93,355.20,318.37,280.82,311.11,292.71,312.17,308.84,316.92,322.17,321.04,290.76,324.66,304.17,319.54,320.51,325.03,304.58,328.98,305.07,322.77,391.25,315.50,374.97,313.25,360.98,321.83,377.09,322.56,375.59,316.54,339.22,325.26,325.10,360.72,322.40,370.85,328.01,377.59,344.14,384.00,361.25,374.83,366.18,366.57,360.36,357.26,340.47,351.88,330.24,378.71,357.24,375.76,320.71,397.39,328.27,393.80,337.82,392.96,345.56,393.94,353.46,391.54,364.61,390.71,375.88,392.68,368.49,400.70,359.27,406.63,347.43,409.24,336.06,408.44,327.93,404.01,333.34,398.39,346.55,399.27,360.57,396.19,360.62,395.45,346.48,399.20,332.91,397.81,341.90,377.04,295.93,320.95,313.58,320.29,312.71,327.51,296.87,327.73,384.09,312.95,366.16,315.86,368.81,322.64,384.89,319.90,
./P_45/1492719205697_12_-study-educational_advantages_of_social_networking_sites_writing_frames/1491424541015.png,1491424541015,0.11194279789924622,0.5392351150512695,0.14229793846607208,0.4290561079978943,0.26197916666666665,0.26166666666666666,268.93,309.63,269.77,333.19,276.07,358.59,285.68,385.11,299.94,406.42,316.18,424.70,332.89,440.96,353.01,444.22,375.11,438.03,394.06,419.12,410.08,397.01,421.82,371.34,425.89,341.73,426.21,315.36,421.77,292.61,398.75,302.21,384.05,306.02,368.03,313.85,355.22,320.06,281.16,312.18,293.31,313.62,309.48,318.44,322.74,322.47,291.02,324.09,304.52,319.16,320.73,324.48,304.83,328.15,305.28,322.11,391.14,315.40,374.90,313.25,360.93,321.53,376.97,322.07,375.61,316.22,339.36,325.20,325.02,360.06,322.44,370.23,327.99,376.98,344.11,383.52,361.22,374.35,366.11,366.10,360.48,356.70,340.55,351.64,330.17,378.19,357.34,375.35,320.66,396.99,328.06,393.18,337.68,392.39,345.54,393.43,353.57,391.02,364.75,390.23,375.80,392.54,368.41,400.31,359.17,406.01,347.33,408.46,335.98,407.71,327.87,403.43,333.20,397.94,346.50,398.84,360.60,395.86,360.63,394.75,346.42,398.52,332.72,397.02,341.95,376.70,296.26,320.49,313.88,319.86,312.91,326.76,297.17,326.94,383.98,312.92,366.11,315.72,368.76,322.18,384.71,319.54,
./P_45/1492719205697_12_-study-educational_advantages_of_social_networking_sites_writing_frames/1491424541199.png,1491424541199,0.13201947510242462,0.5228501558303833,0.14375168085098267,0.45802611112594604,0.5817708333333333,0.1475,269.71,309.64,270.22,333.56,276.05,358.77,285.20,385.65,299.29,406.65,315.50,424.08,332.02,439.64,352.47,442.77,375.01,436.60,394.15,418.18,410.67,396.81,422.51,371.47,426.27,341.86,426.31,315.77,421.51,292.75,399.77,303.92,384.99,305.74,367.29,312.03,353.58,317.47,281.46,314.43,293.51,313.71,311.10,316.59,325.13,319.63,292.26,322.91,305.84,317.49,321.86,322.44,306.35,326.51,306.60,320.47,390.81,314.16,374.60,311.54,360.65,319.52,376.50,320.46,375.51,314.52,339.49,321.21,325.26,356.70,322.14,367.35,327.86,374.20,343.93,379.56,361.29,371.53,366.29,363.21,360.06,353.44,340.49,347.54,330.30,374.52,356.87,371.74,319.75,394.34,327.93,390.43,337.61,389.52,345.42,390.70,353.37,388.19,364.60,387.46,376.39,389.70,368.79,397.28,359.37,402.83,347.09,405.18,335.36,404.69,327.05,400.58,332.67,394.74,346.23,395.35,360.68,392.51,360.74,392.27,346.24,395.89,332.40,394.58,341.73,372.25,297.70,319.05,315.09,317.97,314.38,324.91,298.60,325.51,383.55,311.43,365.84,313.84,368.27,320.39,384.30,318.07,
./P_45/1492719205697_12_-study-educational_advantages_of_social_networking_sites_writing_frames/1491424541474.png,1491424541474,0.1921732872724533,0.7359065413475037,0.16526824235916138,0.5712599754333496,0.48541666666666666,0.21916666666666668,269.92,310.06,270.14,333.56,275.62,358.54,284.58,384.87,298.38,405.43,314.59,421.71,331.50,435.69,351.75,438.50,374.17,432.35,393.98,415.33,411.17,395.51,423.26,371.25,427.21,342.69,427.27,316.80,422.03,293.51,398.50,301.55,384.21,302.91,366.90,309.02,353.70,314.62,282.94,313.05,294.45,311.82,311.54,314.38,325.11,317.40,293.89,323.01,307.23,317.01,322.85,322.21,307.91,326.68,308.29,320.49,390.23,313.54,374.42,310.40,360.67,318.82,376.27,320.12,375.50,313.95,339.44,319.73,325.18,353.41,321.62,364.03,327.46,370.82,343.06,375.35,360.53,367.96,365.59,359.74,358.87,350.15,339.89,344.45,330.20,370.67,355.25,367.84,318.77,390.87,327.49,387.08,337.19,385.93,344.81,387.07,352.48,384.55,364.00,383.83,376.70,385.67,368.93,393.79,359.31,399.54,346.66,402.08,334.75,401.72,326.20,397.54,332.09,391.92,345.78,392.19,360.62,389.36,360.47,388.69,345.61,392.10,331.80,391.19,340.65,367.41,299.23,318.83,316.31,317.62,315.78,324.91,300.21,325.73,383.20,310.50,365.74,312.94,368.08,319.97,383.91,317.63,
./P_45/1492719205697_12_-study-educational_advantages_of_social_networking_sites_writing_frames/1491424541565.png,1491424541565,0.1692940592765808,0.6723564267158508,0.16374659538269043,0.5264406800270081,0.43854166666666666,0.32,269.54,310.31,269.78,333.73,275.26,358.56,284.20,384.69,297.94,405.10,314.20,421.17,331.26,434.89,351.51,437.66,373.86,431.57,393.77,414.82,411.00,395.24,423.06,371.15,427.03,342.74,427.12,316.97,421.81,293.73,397.72,301.30,383.50,302.75,366.41,308.73,353.32,314.22,282.88,312.94,294.42,311.63,311.45,314.06,324.94,316.99,293.90,322.97,307.24,317.05,322.72,322.11,307.90,326.59,308.33,320.45,389.88,313.55,374.21,310.47,360.45,318.72,376.02,320.06,375.36,313.94,339.20,319.43,325.01,352.97,321.38,363.58,327.22,370.32,342.80,374.73,360.27,367.47,365.34,359.29,358.58,349.73,339.64,343.95,330.06,370.06,354.93,367.26,318.45,390.45,327.21,386.58,336.96,385.36,344.58,386.52,352.22,383.99,363.76,383.33,376.45,385.28,368.70,393.52,359.10,399.33,346.44,401.85,334.51,401.50,325.90,397.26,331.84,391.64,345.54,391.91,360.37,389.09,360.20,388.18,345.35,391.51,331.53,390.68,340.42,366.68,299.27,318.85,316.25,317.62,315.72,324.82,300.23,325.66,382.91,310.57,365.56,312.95,367.87,319.90,383.60,317.60,
./P_45/1492719205697_12_-study-educational_advantages_of_social_networking_sites_writing_frames/1491424541745.png,1491424541745,0.15835708379745483,0.5308157801628113,0.1896471083164215,0.3889316916465759,0.46197916666666666,0.25,269.34,310.75,269.52,333.91,274.89,358.47,283.83,384.35,297.64,404.64,313.99,420.70,331.06,434.49,351.23,437.14,373.40,430.99,393.00,413.90,409.89,394.09,421.62,369.98,425.36,341.88,425.17,316.47,419.79,293.68,396.56,301.15,382.57,302.26,365.46,308.12,352.34,313.57,282.39,312.97,293.80,311.30,310.90,313.50,324.46,316.31,293.39,323.02,306.63,317.01,322.05,322.01,307.34,326.53,307.73,320.47,388.68,313.42,373.11,310.33,359.48,318.58,374.93,319.89,374.18,313.86,338.54,319.12,324.56,352.69,320.86,363.27,326.71,369.99,342.47,374.29,359.88,367.01,364.87,358.83,358.03,349.36,339.20,343.55,329.68,369.66,354.56,366.81,317.77,390.00,326.70,386.17,336.53,384.94,344.16,386.06,351.81,383.52,363.28,382.81,375.92,384.61,368.26,392.84,358.69,398.69,346.00,401.27,333.97,400.96,325.26,396.75,331.25,391.17,345.08,391.39,359.90,388.51,359.76,387.72,344.94,391.12,331.01,390.31,340.16,366.21,298.72,318.86,315.58,317.55,315.12,324.75,299.72,325.64,381.74,310.44,364.54,312.82,366.83,319.75,382.45,317.44,
./P_45/1492719205697_12_-study-educational_advantages_of_social_networking_sites_writing_frames/1491424541843.png,1491424541843,0.25041764974594116,0.535588800907135,0.25027409195899963,0.246425062417984,0.4005208333333333,0.2825,268.91,310.80,269.24,333.92,274.73,358.51,283.77,384.31,297.61,404.61,313.94,420.77,331.05,434.67,351.25,437.33,373.28,431.07,392.68,413.92,409.41,394.06,421.11,369.94,424.88,341.73,424.67,316.17,419.23,293.31,395.75,300.63,381.86,302.21,365.11,308.36,352.23,313.97,282.11,313.03,293.53,311.61,310.48,314.00,323.90,316.90,293.17,323.22,306.40,317.16,321.76,322.32,307.12,326.80,307.55,320.67,388.23,313.28,372.73,310.23,359.17,318.71,374.63,319.92,373.89,313.81,338.25,319.69,324.46,353.19,320.84,363.72,326.69,370.40,342.41,374.84,359.65,367.32,364.59,359.16,357.80,349.75,339.03,344.18,329.60,370.24,354.48,367.31,317.70,390.32,326.60,386.57,336.44,385.36,344.07,386.43,351.67,383.89,363.07,383.08,375.58,384.77,368.02,393.17,358.54,399.18,345.93,401.86,333.90,401.54,325.16,397.23,331.17,391.80,344.97,392.05,359.70,389.05,359.55,387.92,344.83,391.41,330.92,390.61,340.11,366.90,298.48,319.02,315.35,317.75,314.86,325.03,299.49,325.90,381.36,310.29,364.18,312.83,366.54,319.83,382.10,317.39,
./P_45/1492719205697_12_-study-educational_advantages_of_social_networking_sites_writing_frames/1491424542029.png,1491424542029,0.25416815280914307,0.3089790940284729,0.2917475700378418,0.22126469016075134,0.4171875,0.06916666666666667,268.31,311.15,269.41,334.28,275.31,358.79,284.44,384.42,298.06,404.78,314.02,421.62,331.01,436.36,351.53,439.24,373.68,432.72,392.72,414.92,408.88,394.39,420.33,369.93,423.92,341.31,423.73,315.55,418.46,292.63,394.30,300.28,380.35,303.38,364.45,310.22,351.98,315.95,280.99,313.70,292.69,313.16,309.39,316.11,322.58,319.08,292.24,323.50,305.54,317.49,320.85,323.06,306.16,327.27,306.78,320.92,387.84,313.14,372.40,310.27,358.88,319.25,374.52,320.08,373.83,313.77,337.59,321.65,324.20,356.15,320.94,366.61,326.76,373.26,342.30,378.29,359.28,370.09,364.15,361.92,357.61,352.51,338.63,347.19,329.15,373.54,354.77,370.42,318.35,393.14,326.71,389.48,336.41,388.42,344.06,389.42,351.64,386.91,362.82,385.89,374.74,387.61,367.41,395.88,358.17,401.92,345.93,404.67,334.19,404.27,325.60,399.94,331.42,394.60,344.90,395.03,359.24,391.88,359.12,390.56,344.79,394.29,331.14,393.29,340.06,370.98,297.49,319.28,314.55,318.23,313.86,325.60,298.51,326.27,381.10,310.17,363.81,313.08,366.45,320.11,381.88,317.40,
./P_45/1492719205697_12_-study-educational_advantages_of_social_networking_sites_writing_frames/1491424542209.png,1491424542209,0.2631821632385254,0.1779668629169464,0.2775135040283203,0.3270769715309143,0.3489583333333333,0.5491666666666667,268.00,310.82,268.99,333.91,275.32,358.82,284.89,384.67,298.95,405.54,315.15,423.39,332.01,439.35,352.19,442.53,374.12,436.19,392.98,417.44,408.67,395.63,420.00,370.26,423.82,341.04,423.86,315.00,419.20,292.71,394.76,302.09,380.48,306.68,365.42,314.78,353.33,320.93,281.17,312.82,293.15,314.63,308.80,319.58,321.50,323.50,290.53,325.54,303.76,320.46,319.61,325.96,304.14,329.83,304.66,323.63,388.67,316.36,372.78,314.21,359.20,322.80,375.02,323.43,373.67,317.40,337.91,326.42,324.17,360.61,321.38,370.72,326.94,377.36,343.09,383.63,360.05,374.50,364.87,366.32,358.93,357.07,339.31,352.36,329.28,378.44,356.14,375.46,319.31,397.14,327.12,393.83,336.77,393.03,344.50,393.99,352.36,391.59,363.38,390.66,374.56,392.32,367.26,400.27,358.06,406.09,346.24,408.65,334.79,407.97,326.54,403.69,332.03,398.40,345.33,399.15,359.31,396.15,359.37,395.16,345.36,399.01,331.69,397.59,340.95,376.83,295.61,321.84,313.00,321.24,312.08,328.37,296.59,328.54,381.72,313.84,364.15,316.87,366.89,323.53,382.52,320.73,
./P_45/1492719205697_12_-study-educational_advantages_of_social_networking_sites_writing_frames/1491424542304.png,1491424542304,0.18725305795669556,0.19959436357021332,0.2648821473121643,0.24521900713443756,0.296875,0.45916666666666667,267.85,310.79,268.80,333.86,275.23,358.94,284.82,385.13,298.98,406.36,315.28,424.64,332.26,441.03,352.55,444.24,374.55,437.86,393.34,418.71,408.88,396.47,420.14,370.78,423.97,341.20,424.10,314.99,419.72,292.78,395.89,303.35,381.26,308.14,366.03,316.57,353.84,322.83,281.35,313.55,293.65,315.87,309.26,321.23,322.01,325.29,290.10,326.68,303.40,321.82,319.59,327.19,303.74,331.09,304.14,324.89,389.39,317.53,373.25,315.61,359.53,324.09,375.53,324.69,373.93,318.70,338.38,327.89,324.53,362.46,321.97,372.50,327.47,379.11,343.77,385.51,360.60,376.28,365.39,368.14,359.70,358.89,339.96,354.09,329.75,380.25,356.90,377.27,320.02,399.18,327.51,395.55,337.17,394.63,344.93,395.58,352.86,393.17,363.84,392.42,374.67,394.42,367.44,402.33,358.38,408.14,346.66,410.67,335.26,409.98,327.16,405.68,332.54,400.19,345.76,400.99,359.59,397.96,359.75,396.93,345.83,400.74,332.17,399.35,341.67,378.84,295.17,323.11,312.79,322.53,311.82,329.64,296.15,329.75,382.32,315.14,364.51,318.22,367.31,324.81,383.16,321.97,
./P_45/1492719205697_12_-study-educational_advantages_of_social_networking_sites_writing_frames/1491424542402.png,1491424542402,0.19978320598602295,0.2045363187789917,0.274712473154068,0.27026310563087463,0.30885416666666665,0.1975,267.51,310.41,268.41,333.86,274.80,359.22,284.50,386.03,298.93,407.31,315.36,425.57,332.27,442.10,352.71,445.44,374.83,438.98,393.25,419.63,408.78,397.31,420.08,371.54,423.82,341.65,423.99,315.41,419.69,293.05,397.17,305.56,382.50,309.99,366.55,317.94,353.90,323.89,281.01,315.17,293.47,317.31,309.60,322.27,322.67,326.09,290.15,326.47,303.63,321.95,319.69,326.95,303.82,330.61,304.07,324.61,389.71,317.78,373.55,316.09,359.80,324.02,375.65,324.51,374.19,318.73,338.65,327.93,324.60,362.67,321.89,372.84,327.43,379.52,343.89,386.29,360.86,376.78,365.68,368.59,359.96,359.23,340.22,354.67,329.67,381.04,357.32,378.14,320.07,398.73,327.94,395.60,337.54,395.17,345.34,396.19,353.29,393.77,364.24,392.62,375.32,394.16,368.12,402.13,358.95,408.02,347.11,410.51,335.62,409.74,327.42,405.33,332.95,400.01,346.26,401.01,360.19,397.92,360.20,397.12,346.23,401.16,332.52,399.44,341.91,379.96,295.43,323.11,312.90,322.56,311.88,329.22,296.28,329.32,382.52,315.60,364.88,318.46,367.53,324.63,383.30,321.92,
./P_45/1492719205697_12_-study-educational_advantages_of_social_networking_sites_writing_frames/1491424542495.png,1491424542495,0.1505705565214157,0.16256999969482422,0.21411895751953125,0.2710566520690918,0.33229166666666665,0.18083333333333335,267.11,310.40,268.09,333.89,274.45,359.38,284.14,386.75,298.65,408.25,315.19,426.47,332.20,442.92,352.90,446.29,375.21,439.55,393.52,420.16,409.05,397.99,420.33,372.29,423.94,342.21,424.20,315.92,420.02,293.25,398.46,307.53,383.70,311.39,367.07,318.87,354.04,324.63,280.65,317.38,293.13,319.10,309.65,323.49,323.01,326.98,290.24,326.98,303.84,322.48,319.89,327.22,304.02,330.88,304.14,324.97,389.91,318.04,373.66,316.42,359.84,324.14,375.67,324.60,374.31,318.87,338.74,328.05,324.54,362.71,321.87,372.99,327.42,379.69,343.84,386.34,360.84,376.88,365.63,368.67,359.95,359.24,340.25,354.83,329.60,381.19,357.26,378.23,320.11,399.19,327.93,395.92,337.54,395.52,345.41,396.57,353.39,394.07,364.43,392.81,375.59,394.42,368.59,402.84,359.43,409.03,347.35,411.62,335.67,410.89,327.40,406.23,333.05,400.99,346.50,402.05,360.58,398.77,360.45,397.22,346.30,401.30,332.49,399.62,341.85,380.13,295.64,323.66,313.10,322.99,312.09,329.46,296.46,329.69,382.62,315.92,364.95,318.71,367.55,324.73,383.37,322.07,
./P_45/1492719205697_12_-study-educational_advantages_of_social_networking_sites_writing_frames/1491424542591.png,1491424542591,0.15909607708454132,0.24734336137771606,0.19323551654815674,0.26563072204589844,0.4671875,0.2075,266.85,310.79,267.93,334.27,274.19,359.73,283.84,387.40,298.51,408.95,315.20,427.10,332.25,443.51,353.04,446.77,375.37,440.00,393.51,420.56,409.13,398.46,420.48,372.75,423.87,342.49,424.03,316.24,419.68,293.49,399.29,309.08,384.53,312.24,367.23,319.17,353.66,324.74,279.44,319.86,291.97,320.53,309.30,324.08,323.24,327.18,290.31,327.18,304.17,322.57,320.16,327.08,304.38,330.70,304.55,324.88,389.98,317.97,373.74,316.33,359.70,323.88,375.62,324.28,374.53,318.60,338.60,327.64,324.35,362.76,321.76,373.10,327.34,379.84,343.69,386.34,360.73,376.95,365.49,368.71,359.89,359.22,340.10,354.71,329.50,381.31,357.14,378.31,319.90,399.16,327.78,395.76,337.43,395.41,345.41,396.51,353.43,393.94,364.50,392.53,375.74,394.26,368.75,402.59,359.60,408.75,347.38,411.33,335.59,410.69,327.24,406.12,332.87,400.70,346.48,401.70,360.74,398.39,360.59,397.00,346.26,401.13,332.29,399.48,341.74,380.23,295.93,323.82,313.41,322.95,312.43,329.26,296.71,329.67,382.65,315.86,364.96,318.50,367.47,324.42,383.37,321.83,
./P_45/1492719205697_12_-study-educational_advantages_of_social_networking_sites_writing_frames/1491424542770.png,1491424542770,0.36473625898361206,0.1972290575504303,0.36585158109664917,0.2969762682914734,0.4161458333333333,0.21583333333333332,266.54,311.80,267.65,335.19,273.86,360.47,283.53,388.28,298.28,409.81,315.00,427.83,331.93,444.11,352.62,447.21,374.97,440.39,393.24,420.87,409.18,398.80,420.71,373.03,423.99,342.68,423.99,316.56,419.33,293.74,399.39,310.10,384.58,312.45,366.56,318.84,352.50,324.29,278.36,322.16,290.74,321.71,308.75,324.28,323.19,326.94,290.11,327.66,304.06,322.87,319.99,327.01,304.38,330.83,304.58,325.06,389.44,317.75,373.17,316.10,359.07,323.53,375.02,323.95,374.13,318.27,337.86,326.85,323.60,362.54,321.03,373.06,326.69,379.85,342.95,385.92,360.19,376.77,364.94,368.42,359.18,358.83,339.26,354.08,328.82,381.06,356.32,377.90,319.46,399.55,327.21,395.92,336.79,395.42,344.80,396.55,352.81,393.87,363.90,392.47,375.29,394.33,368.30,402.64,359.16,408.84,346.84,411.45,335.04,410.98,326.70,406.44,332.27,400.73,345.86,401.59,360.20,398.21,360.09,397.09,345.65,401.23,331.73,399.73,340.86,379.68,295.85,324.23,313.25,323.04,312.40,329.29,296.64,329.97,382.04,315.65,364.37,318.21,366.83,324.09,382.79,321.53,
./P_45/1492719205697_12_-study-educational_advantages_of_social_networking_sites_writing_frames/1491424542870.png,1491424542870,0.3515239953994751,0.2500525414943695,0.3842919170856476,0.19941911101341248,0.434375,0.29583333333333334,266.45,312.11,267.53,335.75,273.84,360.93,283.45,388.49,298.15,409.80,314.85,427.59,331.74,443.59,352.31,446.59,374.62,440.06,393.15,420.87,409.25,398.84,420.84,372.95,424.14,342.52,424.09,316.40,419.30,293.61,399.00,309.68,384.09,312.17,366.28,318.40,352.23,323.65,278.23,321.77,290.69,321.25,308.61,323.65,323.05,326.16,289.98,326.86,303.91,322.16,319.88,326.08,304.25,329.78,304.43,324.18,389.10,317.10,372.84,315.54,358.72,322.74,374.67,323.03,373.84,317.52,337.69,325.93,323.49,361.78,321.16,372.22,326.77,378.96,342.93,384.90,360.01,375.94,364.74,367.66,359.20,358.05,339.16,353.04,328.94,380.03,356.19,376.92,319.30,398.96,326.82,394.82,336.51,394.15,344.62,395.30,352.75,392.61,363.88,391.41,374.99,393.86,367.85,401.83,358.72,407.74,346.54,410.20,334.83,409.81,326.54,405.51,331.92,399.66,345.56,400.41,359.92,397.18,359.91,395.94,345.43,399.94,331.41,398.56,340.86,378.53,295.74,323.50,313.09,322.23,312.24,328.29,296.52,329.01,381.69,315.06,364.06,317.56,366.51,323.21,382.42,320.72,
./P_45/1492719205697_12_-study-educational_advantages_of_social_networking_sites_writing_frames/1491424543058.png,1491424543058,0.4852827787399292,0.2183128148317337,0.5423755645751953,0.2953363060951233,0.35572916666666665,0.245,266.11,311.55,267.29,335.56,273.79,360.80,283.40,388.12,297.89,409.18,314.44,426.68,331.29,442.30,352.01,445.46,374.64,438.88,393.59,420.03,409.61,398.15,420.97,372.36,424.29,342.11,424.38,315.96,419.81,293.02,397.83,308.00,383.02,311.18,365.90,317.62,352.37,322.80,278.57,319.14,291.01,319.45,308.31,322.37,322.21,325.11,289.57,325.48,303.30,320.82,319.21,324.99,303.61,328.62,303.75,322.95,388.74,316.32,372.53,314.65,358.61,321.93,374.44,322.30,373.56,316.73,337.41,325.22,323.30,360.28,320.84,370.80,326.45,377.54,342.57,383.54,359.60,374.71,364.42,366.41,358.75,356.71,338.84,351.89,328.63,378.49,355.82,375.52,319.02,398.05,326.51,393.99,336.18,393.32,344.16,394.48,352.24,391.87,363.30,390.83,374.36,393.28,367.23,401.24,358.04,407.04,346.00,409.41,334.41,408.93,326.19,404.65,331.58,399.00,345.07,399.83,359.25,396.74,359.23,395.17,344.98,399.02,331.09,397.60,340.48,377.01,295.15,322.11,312.48,321.06,311.56,327.17,296.00,327.72,381.40,314.21,363.83,316.75,366.34,322.42,382.11,319.98,
./P_45/1492719205697_12_-study-educational_advantages_of_social_networking_sites_writing_frames/1491424543155.png,1491424543155,0.5314558744430542,0.35931819677352905,0.5013788342475891,0.33592307567596436,0.446875,0.2075,266.42,311.11,267.65,335.05,274.09,360.30,283.59,387.50,297.85,408.61,314.20,426.22,330.99,441.98,351.89,445.30,374.79,438.55,393.88,419.61,409.81,397.71,421.03,371.97,424.33,341.89,424.43,315.76,420.05,292.80,397.37,307.16,382.65,310.65,365.80,317.40,352.60,322.68,279.13,317.79,291.37,318.68,308.25,322.07,321.78,325.02,289.49,325.28,303.02,320.45,318.92,325.05,303.36,328.76,303.48,322.88,388.66,316.24,372.43,314.35,358.71,322.02,374.45,322.50,373.43,316.73,337.33,325.48,323.23,360.03,320.57,370.65,326.20,377.45,342.37,383.52,359.52,374.66,364.41,366.26,358.48,356.52,338.67,351.97,328.33,378.37,355.68,375.39,318.96,398.14,326.57,394.49,336.12,393.91,343.98,395.04,351.98,392.48,363.00,391.42,374.24,393.42,367.11,401.36,357.82,407.13,345.78,409.52,334.22,408.98,326.03,404.73,331.52,399.24,344.90,400.08,359.02,397.02,358.98,395.72,344.83,399.61,331.09,398.09,340.21,376.96,294.87,321.77,312.24,320.88,311.31,327.28,295.79,327.72,381.37,313.95,363.75,316.63,366.35,322.57,382.10,320.07,
./P_45/1492719205697_12_-study-educational_advantages_of_social_networking_sites_writing_frames/1491424543699.png,1491424543699,0.27105915546417236,0.3321705460548401,0.30494216084480286,0.3330972194671631,0.425,-0.059166666666666666,268.22,309.52,268.63,332.95,274.30,358.09,283.37,384.86,297.43,406.05,313.84,423.44,330.90,438.82,351.47,441.76,373.80,435.46,392.88,417.21,409.50,396.10,421.37,370.84,425.04,341.27,424.82,315.09,419.66,292.17,398.45,302.83,383.77,304.20,365.90,310.65,352.22,316.42,280.26,314.71,292.09,313.42,309.81,316.09,323.89,319.10,291.29,323.91,304.83,318.22,320.89,323.00,305.48,327.47,305.75,321.40,389.46,314.01,373.31,311.37,359.31,319.50,375.20,320.58,374.16,314.61,338.21,320.95,324.12,355.68,320.93,366.26,326.72,373.07,342.77,377.94,360.11,370.03,365.01,361.76,358.63,352.14,339.22,346.47,329.39,373.18,355.32,370.17,318.61,393.34,326.97,389.27,336.66,388.07,344.42,389.15,352.23,386.57,363.56,385.87,375.60,388.02,368.13,396.07,358.81,401.92,346.32,404.51,334.38,404.12,325.95,399.89,331.72,394.02,345.37,394.47,359.95,391.43,359.92,390.80,345.26,394.42,331.39,393.46,340.48,370.36,296.73,319.93,314.07,318.60,313.53,325.70,297.67,326.56,382.23,311.27,364.51,313.77,366.89,320.52,382.99,318.09,
./P_45/1492719205697_12_-study-educational_advantages_of_social_networking_sites_writing_frames/1491424544160.png,1491424544160,0.29645872116088867,0.4080011546611786,0.28363800048828125,0.4318027198314667,0.271875,0.38916666666666666,267.98,310.86,269.31,334.21,275.91,358.74,285.51,383.62,299.09,403.36,314.99,419.85,331.70,434.30,351.59,437.30,373.61,430.99,393.25,413.77,409.32,393.47,420.64,369.39,424.53,340.98,424.75,315.16,419.94,292.12,393.35,297.26,379.05,300.31,363.75,306.93,351.46,312.47,280.00,308.56,291.12,308.84,306.53,312.17,319.23,315.32,290.12,322.54,302.90,317.10,318.52,322.54,303.50,326.64,303.96,320.47,387.23,313.00,371.47,310.54,358.15,319.17,373.67,320.03,372.59,313.96,336.20,321.51,323.17,357.14,319.95,367.48,325.69,373.99,341.38,379.61,358.55,371.05,363.64,362.83,356.96,353.55,337.39,347.69,328.04,374.47,354.03,371.38,317.61,393.60,325.82,390.46,335.45,389.68,343.06,390.63,350.79,388.19,362.13,387.12,374.38,388.39,366.78,396.87,357.14,403.09,345.03,405.80,333.46,405.10,324.99,400.59,330.68,395.34,344.07,396.04,358.37,392.93,358.21,391.77,343.99,395.41,330.38,394.30,338.83,372.11,295.06,318.70,311.92,317.93,311.21,325.11,296.07,325.46,380.24,310.37,363.07,313.28,365.70,320.05,381.10,317.36,
./P_45/1492719205697_12_-study-educational_advantages_of_social_networking_sites_writing_frames/1491424544346.png,1491424544346,0.25603049993515015,0.3481873869895935,0.27718761563301086,0.3899862766265869,0.2994791666666667,0.3541666666666667,268.15,310.56,269.25,333.92,275.91,358.62,285.36,383.60,298.82,403.37,314.76,420.04,331.71,434.80,351.49,437.85,373.38,431.87,393.15,414.62,409.25,394.11,420.57,369.84,424.45,341.04,424.72,315.02,420.11,292.31,395.04,297.35,380.38,298.84,364.27,304.65,351.27,309.84,279.44,307.71,290.39,306.91,306.04,309.54,319.22,312.34,289.60,323.60,302.34,318.26,318.48,323.53,303.03,328.05,303.30,321.82,387.88,314.46,371.83,312.03,358.24,320.43,373.95,321.69,372.55,315.65,336.49,321.57,323.73,359.67,320.58,369.92,326.31,376.38,342.07,381.73,359.13,373.59,364.26,365.44,357.74,356.15,337.93,348.70,328.78,376.43,354.57,373.47,318.10,395.92,326.44,392.68,336.05,391.74,343.64,392.70,351.45,390.29,362.77,389.50,375.01,390.92,367.34,399.20,357.71,405.37,345.59,408.06,333.93,407.24,325.56,402.69,331.18,396.79,344.61,397.54,358.90,394.53,358.87,394.45,344.63,397.80,331.01,396.91,339.53,373.90,294.54,319.86,311.50,318.99,310.96,326.42,295.47,326.78,380.68,311.92,363.33,314.62,365.84,321.62,381.64,319.03,
./P_45/1492719205697_12_-study-educational_advantages_of_social_networking_sites_writing_frames/1491424544445.png,1491424544445,0.25110024213790894,0.39352554082870483,0.2840240001678467,0.4275703430175781,0.34010416666666665,0.26916666666666667,267.75,310.44,268.82,333.97,275.47,358.87,284.94,384.16,298.54,403.99,314.62,420.64,331.70,435.37,351.58,438.44,373.46,432.40,393.09,415.00,409.10,394.42,420.32,370.09,424.14,341.20,424.43,315.11,419.88,292.38,395.98,297.66,381.53,298.38,365.06,303.64,351.74,308.60,278.83,308.00,289.69,306.46,305.67,308.52,319.17,311.10,289.59,323.69,302.45,318.32,318.62,323.54,303.15,328.11,303.40,321.93,388.23,314.70,372.21,312.19,358.51,320.50,374.24,321.85,372.88,315.85,336.79,321.37,323.98,360.06,320.72,370.37,326.51,376.90,342.42,382.26,359.49,374.13,364.64,365.94,358.11,356.59,338.33,348.84,329.09,376.87,354.97,373.99,317.99,396.43,326.67,393.39,336.36,392.58,344.02,393.55,351.88,391.15,363.16,390.26,375.46,391.44,367.84,399.81,358.18,406.06,345.93,408.79,334.08,407.94,325.55,403.30,331.30,397.39,344.94,398.19,359.36,395.13,359.30,395.21,344.97,398.56,331.19,397.66,340.00,374.35,294.64,319.95,311.61,319.04,311.12,326.48,295.53,326.86,381.01,312.15,363.70,314.74,366.11,321.75,381.98,319.22,
./P_45/1492719205697_12_-study-educational_advantages_of_social_networking_sites_writing_frames/1491424544542.png,1491424544542,0.2678336799144745,0.4121922552585602,0.24505695700645447,0.35460591316223145,0.321875,0.13083333333333333,267.44,310.67,268.31,334.24,274.87,359.31,284.43,384.79,298.29,404.74,314.62,421.48,331.95,436.20,351.77,439.15,373.52,433.15,393.16,415.55,409.26,394.77,420.57,370.32,424.42,341.45,424.63,315.28,419.96,292.60,396.98,297.48,382.52,297.78,365.77,302.92,352.20,307.98,278.42,308.05,289.40,306.10,305.62,307.98,319.40,310.57,289.66,323.80,302.64,318.42,318.93,323.52,303.36,328.06,303.58,321.98,388.63,314.65,372.58,312.17,358.74,320.42,374.55,321.68,373.17,315.78,337.16,321.28,324.21,360.32,321.05,370.54,326.85,377.04,342.81,382.47,359.77,374.23,364.89,366.09,358.53,356.83,338.75,348.90,329.52,377.17,355.27,374.30,317.99,396.26,326.72,392.94,336.59,392.11,344.33,393.08,352.25,390.65,363.66,389.71,375.95,391.14,368.33,399.77,358.69,406.22,346.33,409.05,334.34,408.17,325.68,403.36,331.46,397.45,345.31,398.30,359.90,395.10,359.78,394.73,345.26,398.09,331.28,397.25,340.45,374.54,294.81,320.08,311.81,319.08,311.35,326.45,295.69,326.90,381.38,312.14,364.04,314.68,366.41,321.64,382.33,319.11,
./P_45/1492719205697_12_-study-educational_advantages_of_social_networking_sites_writing_frames/1491424544793.png,1491424544793,0.24528253078460693,0.3422431945800781,0.2838076949119568,0.3930166959762573,0.40572916666666664,0.1375,267.32,310.83,268.07,334.55,274.53,359.76,284.20,385.44,298.23,405.44,314.68,422.13,332.04,436.82,351.89,439.79,373.68,433.70,393.29,415.93,409.46,395.06,420.79,370.55,424.69,341.74,424.86,315.56,420.12,292.86,397.44,297.57,383.20,297.57,366.28,302.60,352.61,307.69,278.52,308.12,289.45,305.87,305.90,307.62,319.79,310.25,289.94,323.93,303.00,318.45,319.24,323.63,303.74,328.24,303.97,322.12,389.02,314.87,373.01,312.26,359.16,320.54,374.95,321.92,373.59,315.97,337.53,321.20,324.44,360.10,321.02,370.44,326.90,377.04,343.06,382.48,360.20,374.22,365.36,366.00,358.77,356.67,339.09,348.80,329.72,377.15,355.58,374.32,317.86,396.20,326.97,393.17,336.88,392.44,344.62,393.44,352.52,391.01,363.91,390.00,376.41,391.08,368.80,399.86,359.08,406.43,346.58,409.31,334.45,408.40,325.64,403.48,331.60,397.67,345.57,398.54,360.24,395.31,360.11,395.08,345.53,398.49,331.47,397.58,340.75,374.42,295.15,320.15,312.15,319.15,311.73,326.59,296.04,327.06,381.78,312.28,364.48,314.78,366.79,321.83,382.73,319.33,
./P_45/1492719205697_12_-study-educational_advantages_of_social_networking_sites_writing_frames/1491424544975.png,1491424544975,0.23075847327709198,0.2552737295627594,0.24756519496440887,0.3515619933605194,0.40260416666666665,0.08833333333333333,267.24,311.29,267.59,334.69,273.64,360.41,283.64,386.10,298.08,406.63,314.86,423.33,332.59,437.50,352.46,439.97,373.99,433.45,393.22,415.82,409.71,395.41,421.49,371.20,425.61,343.01,425.34,316.28,419.51,292.83,396.12,293.41,382.22,293.75,365.38,300.75,352.43,307.67,279.22,306.72,290.00,304.51,306.69,307.57,320.31,311.42,290.72,324.93,303.78,317.98,320.04,324.29,304.83,329.71,305.40,322.84,389.15,313.52,373.24,309.90,359.36,319.96,375.38,321.65,373.93,314.95,337.37,320.63,324.25,356.84,320.25,367.41,326.46,374.14,342.33,378.69,359.73,370.63,364.86,362.21,357.47,353.02,338.45,346.22,329.52,373.94,354.18,370.69,317.94,393.33,327.41,390.27,337.04,388.90,344.41,389.71,351.76,387.26,363.33,386.34,376.72,386.91,369.03,395.91,359.48,402.60,346.82,405.90,334.75,405.25,325.89,400.54,332.00,394.83,345.69,395.14,360.40,391.77,360.12,391.92,345.44,395.47,331.77,394.94,339.72,369.97,295.72,320.21,313.09,318.99,312.92,327.65,296.88,328.53,382.19,310.11,364.49,313.12,366.96,321.54,383.21,318.63,
./P_45/1492719205697_12_-study-educational_advantages_of_social_networking_sites_writing_frames/1491424545245.png,1491424545245,0.3042134940624237,0.5703651309013367,0.3026801645755768,0.4838443398475647,0.4109375,0.16416666666666666,267.71,312.81,268.61,335.85,274.98,360.75,285.14,385.74,299.31,405.98,315.63,422.48,332.76,436.33,352.33,438.52,373.85,431.80,393.14,414.29,409.68,393.91,421.43,369.67,425.39,341.64,424.87,315.32,418.52,291.82,392.29,292.93,378.26,295.37,362.51,303.41,350.43,310.59,279.89,308.64,290.80,307.62,306.95,311.17,319.95,314.91,290.64,324.61,303.44,317.76,319.27,323.45,304.54,328.71,305.26,322.07,387.19,311.49,371.49,308.41,358.04,318.38,373.91,319.47,372.72,312.93,335.77,320.13,322.83,354.53,319.27,365.16,325.42,371.75,340.92,375.96,358.37,367.75,363.31,359.32,355.82,350.17,336.67,344.61,328.08,371.52,352.69,367.75,318.15,392.15,326.42,388.32,335.74,386.47,343.09,387.20,350.37,384.61,361.88,383.83,374.81,385.04,367.20,393.76,357.88,400.20,345.65,403.44,334.16,403.18,325.66,398.92,331.34,393.29,344.42,393.27,358.72,389.83,358.54,389.19,344.16,392.92,330.99,392.56,337.93,367.43,295.48,319.98,312.57,318.49,312.35,326.63,296.79,327.76,380.37,308.31,362.90,311.70,365.62,319.55,381.40,316.40,
./P_45/1492719205697_12_-study-educational_advantages_of_social_networking_sites_writing_frames/1491424545336.png,1491424545336,0.3239789307117462,0.5529767274856567,0.29685649275779724,0.4558210074901581,0.5083333333333333,0.385,267.31,312.81,268.34,336.09,274.80,360.84,284.94,386.02,299.17,405.99,315.51,422.11,332.44,435.81,352.09,438.06,373.74,431.38,393.00,413.91,409.55,393.53,421.17,369.06,424.80,340.69,424.14,314.56,417.73,291.30,391.76,295.47,377.71,298.10,361.76,305.71,349.51,312.41,279.57,311.13,290.69,309.96,307.22,313.00,320.37,316.33,290.61,324.41,303.51,317.83,319.15,323.09,304.54,328.19,305.18,321.73,386.39,311.69,370.74,308.86,357.33,318.30,373.08,319.29,372.11,312.91,335.38,319.94,322.55,354.13,319.12,364.82,325.20,371.37,340.66,375.52,358.04,367.44,362.93,359.05,355.58,349.80,336.37,344.45,327.86,371.14,352.53,367.44,317.93,391.68,326.20,387.84,335.51,386.13,342.93,386.95,350.26,384.31,361.66,383.48,374.43,384.80,366.87,393.27,357.58,399.50,345.38,402.56,333.88,402.38,325.43,398.26,331.03,392.58,344.14,392.56,358.43,389.25,358.28,388.69,343.95,392.44,330.69,392.00,337.77,367.26,295.59,319.95,312.55,318.39,312.29,326.15,296.83,327.32,379.52,308.70,362.21,311.93,364.87,319.36,380.52,316.35,
./P_45/1492719205697_12_-study-educational_advantages_of_social_networking_sites_writing_frames/1491424545431.png,1491424545431,0.3029146194458008,0.5456895232200623,0.29499351978302,0.49068379402160645,0.5307291666666667,0.26916666666666667,267.76,312.64,268.66,336.03,274.98,360.67,284.83,386.05,298.93,405.94,315.14,421.92,331.88,435.64,351.66,437.97,373.61,431.36,392.95,413.77,409.39,393.24,420.72,368.60,424.01,340.14,423.24,314.32,417.07,291.43,392.01,297.98,377.85,300.30,361.55,307.28,349.05,313.37,279.98,312.55,291.18,311.30,307.79,313.88,320.99,316.78,290.75,324.15,303.57,317.79,319.18,322.76,304.55,327.70,304.97,321.45,385.77,312.21,370.08,309.48,356.78,318.43,372.33,319.38,371.38,313.22,335.36,319.74,322.50,353.92,319.23,364.59,325.17,371.09,340.60,375.16,357.86,367.39,362.71,359.07,355.57,349.75,336.40,344.25,327.81,370.75,352.50,367.22,317.67,391.55,325.85,387.51,335.25,385.87,342.75,386.75,350.24,384.11,361.64,383.37,374.24,385.00,366.72,393.25,357.37,399.27,345.08,402.15,333.48,402.00,325.09,397.98,330.64,392.30,343.90,392.31,358.30,389.12,358.16,388.39,343.74,392.04,330.31,391.56,337.80,367.05,295.73,319.83,312.57,318.25,312.28,325.72,296.94,326.86,378.80,309.33,361.61,312.33,364.21,319.44,379.78,316.62,
./P_45/1492719205697_12_-study-educational_advantages_of_social_networking_sites_writing_frames/1491424545519.png,1491424545519,0.2735356092453003,0.5936056971549988,0.2897532880306244,0.482439786195755,0.6052083333333333,0.37333333333333335,267.51,312.38,268.16,335.72,274.30,360.34,284.10,386.00,298.34,405.95,314.69,421.89,331.48,435.61,351.24,437.97,373.18,431.37,392.44,413.74,408.88,393.27,420.21,368.73,423.49,340.33,422.79,314.73,416.77,291.95,392.42,299.91,378.31,301.93,361.68,308.52,348.98,314.34,280.22,313.56,291.41,312.43,308.05,314.78,321.29,317.53,290.89,324.08,303.68,317.93,319.14,322.74,304.58,327.53,304.83,321.39,385.25,312.70,369.59,310.04,356.41,318.65,371.73,319.61,370.79,313.55,335.36,319.95,322.37,353.95,319.07,364.62,324.98,371.15,340.43,375.37,357.60,367.60,362.46,359.28,355.41,349.94,336.41,344.59,327.64,371.00,352.35,367.59,317.47,391.35,325.71,387.48,335.06,386.07,342.54,387.03,350.02,384.37,361.33,383.51,373.87,385.02,366.46,393.31,357.12,399.38,344.83,402.19,333.24,402.00,324.86,397.89,330.44,392.27,343.71,392.38,358.07,389.21,357.88,388.45,343.52,392.13,330.10,391.50,337.73,367.48,295.91,319.88,312.60,318.36,312.25,325.60,297.06,326.69,378.23,309.90,361.19,312.74,363.72,319.64,379.16,316.94,
./P_45/1492719205697_12_-study-educational_advantages_of_social_networking_sites_writing_frames/1491424545814.png,1491424545814,0.2593461275100708,0.561921238899231,0.24094991385936737,0.5162650346755981,0.31354166666666666,0.23083333333333333,267.27,311.56,268.06,335.03,273.92,359.49,283.24,385.36,297.18,405.52,313.36,421.95,330.08,436.43,350.33,439.29,372.66,432.85,391.96,415.26,408.45,394.88,420.05,370.43,423.49,341.67,423.18,316.21,417.77,293.17,393.60,302.98,379.38,305.01,362.44,310.80,349.34,315.98,279.52,315.10,290.80,314.16,307.69,316.19,321.15,318.67,290.83,322.59,303.85,316.65,319.08,321.87,304.49,325.99,304.72,319.81,385.31,312.86,369.60,309.97,356.40,318.44,371.60,319.30,370.93,313.15,335.42,320.24,322.14,355.00,318.89,365.73,324.70,372.44,340.11,377.28,357.28,369.41,362.25,361.06,355.55,351.43,336.39,346.04,327.06,372.66,352.56,369.58,316.92,392.52,325.04,388.87,334.51,387.98,342.16,389.13,349.83,386.49,361.10,385.42,373.33,387.16,366.00,395.30,356.52,401.27,344.19,403.81,332.53,403.46,324.12,399.19,329.78,393.73,343.22,394.18,357.69,391.16,357.44,390.06,343.02,393.77,329.41,392.69,337.65,369.97,296.00,318.42,312.77,317.25,312.12,324.33,297.01,325.08,378.27,309.94,361.16,312.54,363.69,319.27,379.05,316.81,
./P_45/1492719205697_12_-study-educational_advantages_of_social_networking_sites_writing_frames/1491424545909.png,1491424545909,0.2636536657810211,0.6043165922164917,0.2675982117652893,0.4474819302558899,0.3260416666666667,0.23833333333333334,266.68,311.02,267.61,334.59,273.77,359.15,283.20,385.10,297.19,405.45,313.37,422.32,330.00,437.33,350.18,440.42,372.43,434.18,391.82,416.46,408.30,395.73,420.09,370.96,423.86,341.70,423.91,316.01,418.91,292.99,394.24,303.71,379.64,306.55,363.02,312.76,349.96,318.02,279.09,314.87,290.71,314.88,307.34,317.64,320.73,320.44,289.90,322.76,303.06,317.45,318.52,322.41,303.54,326.21,303.79,320.21,386.04,313.67,370.12,311.27,356.73,319.30,372.13,319.97,371.34,314.03,335.58,321.71,322.02,356.61,319.08,367.14,324.76,373.83,340.36,379.29,357.50,371.03,362.48,362.74,356.19,353.14,336.64,347.88,327.01,374.44,353.15,371.48,317.14,394.02,324.81,390.16,334.37,389.35,342.12,390.52,349.95,387.92,361.21,386.96,372.90,389.15,365.60,397.41,356.19,403.45,344.06,405.88,332.51,405.38,324.24,400.90,329.77,395.46,343.14,396.18,357.44,393.17,357.28,391.46,342.97,395.14,329.32,393.91,337.99,372.28,295.14,318.96,312.07,317.98,311.26,324.71,296.07,325.23,378.90,311.07,361.62,313.66,364.18,319.99,379.63,317.55,
./P_45/1492719205697_12_-study-educational_advantages_of_social_networking_sites_writing_frames/1491424546009.png,1491424546009,0.24406826496124268,0.551274299621582,0.2327345609664917,0.4949324131011963,0.3125,0.3725,266.32,310.03,267.20,333.86,273.52,358.77,282.90,385.17,296.93,405.89,313.11,423.20,329.72,438.61,350.00,441.77,372.42,435.62,391.78,417.58,408.15,396.35,419.88,371.15,423.67,341.46,423.90,315.46,419.24,292.41,395.17,304.09,380.32,307.33,363.77,313.81,350.67,318.99,278.99,314.27,290.91,315.06,307.26,318.33,320.59,321.23,289.01,322.86,302.27,317.94,318.06,322.70,302.63,326.38,302.79,320.51,386.79,314.14,370.61,312.06,357.05,319.80,372.64,320.35,371.62,314.59,335.87,322.63,321.96,357.92,319.31,368.40,324.89,375.10,340.75,380.94,357.85,372.43,362.80,364.17,356.88,354.51,337.05,349.16,327.04,375.85,353.77,372.95,317.37,395.50,324.85,391.61,334.42,390.86,342.29,392.01,350.32,389.45,361.51,388.57,372.89,390.88,365.42,398.55,356.00,404.13,344.04,406.41,332.65,405.90,324.52,401.79,329.86,396.16,343.20,396.86,357.43,394.00,357.43,392.97,343.15,396.68,329.46,395.31,338.44,374.07,294.26,319.30,311.40,318.42,310.50,324.95,295.15,325.34,379.51,311.74,362.03,314.33,364.62,320.41,380.25,317.97,
./P_45/1492719205697_12_-study-educational_advantages_of_social_networking_sites_writing_frames/1491424546106.png,1491424546106,0.22820116579532623,0.5007216334342957,0.24828308820724487,0.4864667057991028,0.303125,0.20583333333333334,266.42,309.49,267.18,333.37,273.48,358.43,282.76,385.00,296.80,406.06,313.04,423.88,329.74,439.76,350.07,442.97,372.62,437.02,392.14,418.61,408.47,396.80,420.17,371.12,423.94,341.17,424.19,315.08,419.76,292.27,396.24,304.38,381.03,307.79,364.41,314.51,351.18,319.74,278.84,313.60,291.07,314.82,307.37,318.57,320.77,321.68,288.43,322.71,301.79,318.08,317.94,322.68,302.09,326.21,302.20,320.48,387.59,314.50,371.17,312.60,357.37,320.08,373.17,320.54,371.96,314.96,336.24,323.06,322.06,358.60,319.72,368.93,325.19,375.62,341.16,381.69,358.20,373.13,363.13,364.92,357.62,355.28,337.49,349.71,327.30,376.43,354.32,373.66,317.76,396.29,324.84,391.86,334.51,390.98,342.49,392.12,350.71,389.61,361.98,389.01,372.94,392.02,365.42,399.37,356.04,404.70,344.19,406.84,332.86,406.28,324.88,402.31,330.02,396.47,343.39,397.24,357.61,394.49,357.69,393.37,343.38,396.97,329.58,395.58,338.91,374.84,293.69,319.31,311.06,318.48,310.09,324.87,294.57,325.16,380.20,312.23,362.48,314.74,365.08,320.63,380.91,318.25,
./P_45/1492719205697_12_-study-educational_advantages_of_social_networking_sites_writing_frames/1491424546199.png,1491424546199,0.2515920400619507,0.49384260177612305,0.24710339307785034,0.38821500539779663,0.3296875,0.30083333333333334,266.29,308.97,267.00,332.83,273.22,358.05,282.51,384.96,296.62,406.35,312.93,424.50,329.66,440.76,350.24,444.11,373.02,437.94,392.47,419.16,408.80,397.11,420.52,371.24,424.30,341.11,424.57,314.93,420.26,292.03,396.88,304.90,381.70,308.44,364.88,315.41,351.64,320.79,279.02,313.85,291.20,315.45,307.56,319.49,320.93,322.77,288.28,323.03,301.66,318.38,317.85,323.10,301.94,326.70,302.01,320.85,388.08,314.80,371.55,312.88,357.79,320.45,373.58,320.99,372.28,315.31,336.48,323.68,322.07,358.81,319.54,369.30,325.06,376.13,341.30,382.37,358.57,373.61,363.55,365.25,357.83,355.50,337.68,350.37,327.18,377.05,354.66,374.23,317.97,396.94,325.21,392.96,334.76,392.22,342.68,393.38,350.85,390.86,362.03,390.14,373.14,392.66,365.65,399.98,356.22,405.31,344.34,407.47,333.02,406.89,325.04,402.94,330.30,397.14,343.58,397.93,357.73,395.17,357.84,394.54,343.60,398.28,329.89,396.72,339.03,375.60,293.52,319.60,310.98,318.84,309.99,325.31,294.41,325.56,380.65,312.49,362.84,315.06,365.45,321.04,381.37,318.63,
./P_45/1492719205697_12_-study-educational_advantages_of_social_networking_sites_writing_frames/1491424546385.png,1491424546385,0.21055282652378082,0.37513694167137146,0.25578492879867554,0.33456897735595703,0.3265625,0.2966666666666667,266.16,308.67,267.04,332.51,273.28,357.96,282.55,385.34,296.66,407.00,312.96,425.30,329.76,441.68,350.57,445.04,373.58,438.64,393.01,419.67,409.40,397.54,421.12,371.55,424.71,341.07,424.93,314.64,420.52,291.51,397.56,305.61,382.32,309.05,365.16,315.96,351.74,321.33,278.48,315.40,290.70,316.70,307.42,320.46,320.99,323.56,288.33,323.75,301.86,319.10,318.05,323.65,302.14,327.33,302.27,321.48,388.56,315.02,372.01,313.19,358.09,320.73,374.01,321.26,372.85,315.55,336.49,324.18,322.01,359.37,319.53,369.93,325.08,376.78,341.21,383.01,358.59,374.13,363.54,365.74,357.80,355.96,337.59,351.02,327.07,377.78,354.63,374.84,318.18,397.46,325.46,393.65,334.89,392.99,342.82,394.13,350.94,391.59,362.12,390.68,373.44,392.97,365.99,400.39,356.58,405.80,344.58,408.05,333.21,407.51,325.24,403.53,330.52,397.71,343.78,398.50,358.00,395.61,358.04,395.10,343.74,398.94,330.08,397.38,338.88,376.39,293.67,320.34,311.18,319.49,310.22,325.88,294.54,326.24,381.11,312.77,363.23,315.37,365.82,321.33,381.82,318.86,
./P_45/1492719205697_12_-study-educational_advantages_of_social_networking_sites_writing_frames/1491424546480.png,1491424546480,0.2385006844997406,0.35480770468711853,0.2560197114944458,0.34504804015159607,0.296875,0.18166666666666667,266.05,309.00,266.97,332.79,273.29,358.19,282.64,385.56,296.84,407.17,313.25,425.41,330.10,441.69,350.78,444.97,373.65,438.67,393.17,419.78,409.63,397.65,421.39,371.58,424.95,341.00,425.16,314.57,420.64,291.54,397.62,306.08,382.28,309.55,365.16,316.37,351.66,321.68,278.10,316.16,290.42,317.29,307.25,320.90,320.93,323.90,288.31,324.08,301.93,319.60,318.14,323.86,302.20,327.46,302.38,321.77,388.61,315.30,372.08,313.68,358.03,320.95,374.03,321.39,372.97,315.82,336.44,324.42,321.96,359.70,319.69,370.14,325.19,376.91,341.24,383.16,358.56,374.26,363.46,365.94,357.93,356.24,337.57,351.23,327.19,377.97,354.62,375.03,318.22,397.56,325.30,393.44,334.82,392.71,342.83,393.86,351.02,391.29,362.28,390.43,373.47,393.08,366.02,400.58,356.64,406.03,344.64,408.27,333.25,407.74,325.30,403.72,330.47,397.83,343.82,398.64,358.09,395.73,358.13,394.82,343.74,398.61,329.97,397.12,338.92,376.57,293.76,320.80,311.24,319.87,310.28,326.06,294.59,326.46,381.14,313.21,363.28,315.75,365.83,321.49,381.84,319.05,
./P_45/1492719205697_12_-study-educational_advantages_of_social_networking_sites_writing_frames/1491424546575.png,1491424546575,0.2341276854276657,0.32116076350212097,0.27214688062667847,0.252180814743042,0.3567708333333333,0.3383333333333333,266.24,309.60,267.39,333.32,273.73,358.63,283.01,385.84,297.10,407.32,313.37,425.46,330.11,441.83,350.98,445.21,373.99,438.72,393.39,419.75,409.68,397.69,421.32,371.70,424.77,341.16,424.89,314.75,420.48,291.73,397.57,306.47,382.24,309.95,365.06,316.95,351.60,322.44,278.00,316.93,290.29,317.93,307.31,321.60,321.02,324.71,288.34,324.70,301.93,319.94,318.17,324.53,302.28,328.24,302.46,322.33,388.59,315.71,372.03,313.88,358.04,321.55,374.06,322.03,372.97,316.25,336.46,325.03,322.21,360.12,319.80,370.59,325.33,377.36,341.40,383.54,358.69,374.65,363.60,366.30,357.87,356.61,337.65,351.79,327.32,378.41,354.78,375.40,318.13,397.86,325.42,393.89,335.00,393.19,342.93,394.32,351.04,391.76,362.28,390.82,373.60,393.24,366.24,401.04,356.87,406.71,344.75,409.06,333.19,408.50,325.16,404.30,330.49,398.56,343.89,399.40,358.18,396.39,358.21,395.23,343.83,399.09,330.02,397.60,339.08,377.04,293.72,321.22,311.31,320.32,310.37,326.78,294.62,327.19,381.14,313.45,363.20,316.11,365.82,322.12,381.88,319.60,
./P_45/1492719205697_12_-study-educational_advantages_of_social_networking_sites_writing_frames/1491424546842.png,1491424546842,0.24230724573135376,0.257270485162735,0.2678646147251129,0.3805389404296875,0.26875,0.08,266.82,310.81,267.87,334.61,274.29,359.85,283.66,386.89,297.87,408.09,314.23,425.94,330.98,442.09,351.67,445.49,374.47,439.14,393.82,420.23,409.97,398.19,421.46,372.23,424.99,341.89,425.17,315.66,420.95,293.00,398.06,307.85,382.95,311.50,366.20,318.40,352.90,323.69,279.32,317.50,291.68,318.77,308.37,322.56,321.92,325.70,289.26,325.85,302.84,321.34,319.04,325.86,303.12,329.44,303.25,323.65,389.27,317.44,372.80,315.75,358.90,323.19,374.82,323.65,373.63,318.01,337.65,326.59,323.37,361.57,320.94,371.91,326.41,378.63,342.74,385.01,359.91,376.04,364.80,367.78,359.20,358.17,339.03,353.33,328.60,379.75,356.16,376.91,318.68,398.91,326.24,395.10,336.03,394.54,344.04,395.68,352.27,393.15,363.47,392.19,374.62,394.49,367.24,402.33,357.82,408.00,345.70,410.29,334.03,409.68,325.85,405.43,331.25,399.83,344.87,400.72,359.22,397.77,359.29,396.50,344.89,400.33,330.85,398.77,340.59,378.54,294.66,322.53,312.18,321.73,311.20,328.07,295.53,328.34,381.84,315.30,364.04,317.90,366.65,323.74,382.58,321.27,
./P_45/1492719205697_12_-study-educational_advantages_of_social_networking_sites_writing_frames/1491424546942.png,1491424546942,0.26736515760421753,0.2438853532075882,0.27290284633636475,0.320919007062912,0.3515625,0.07583333333333334,267.46,311.12,268.50,334.83,274.83,360.00,284.15,386.95,298.37,408.12,314.74,425.99,331.50,442.17,352.16,445.53,374.88,439.21,394.14,420.28,410.27,398.29,421.81,372.45,425.39,342.27,425.58,316.14,421.40,293.51,398.91,307.89,383.77,311.33,366.84,318.27,353.45,323.69,279.79,317.62,292.21,318.67,309.08,322.47,322.77,325.71,289.91,325.91,303.53,321.23,319.79,325.95,303.84,329.55,303.98,323.66,389.93,317.47,373.43,315.62,359.48,323.26,375.45,323.74,374.24,318.01,338.33,326.55,324.05,361.77,321.60,372.07,327.08,378.79,343.38,385.11,360.50,376.21,365.39,367.96,359.81,358.39,339.71,353.37,329.27,379.89,356.76,377.07,319.20,398.91,326.76,394.94,336.62,394.32,344.62,395.48,352.83,392.94,364.08,392.02,375.21,394.47,367.84,402.35,358.45,408.08,346.30,410.40,334.59,409.79,326.37,405.47,331.80,399.83,345.47,400.70,359.83,397.75,359.91,396.41,345.47,400.22,331.39,398.70,341.26,378.64,295.32,322.48,312.92,321.67,311.94,328.17,296.19,328.45,382.51,315.22,364.63,317.83,367.25,323.83,383.25,321.36,
./P_45/1492719205697_12_-study-educational_advantages_of_social_networking_sites_writing_frames/1491424547029.png,1491424547029,0.2548050880432129,0.2837308645248413,0.26728907227516174,0.3631996214389801,0.28125,0.2175,268.04,310.87,269.11,334.75,275.41,359.98,284.69,387.05,298.93,408.20,315.26,426.01,331.95,442.13,352.68,445.49,375.41,439.20,394.50,420.31,410.54,398.37,422.03,372.59,425.56,342.46,425.81,316.35,421.68,293.62,399.65,308.01,384.58,311.31,367.56,318.08,354.07,323.40,280.19,317.62,292.71,318.46,309.76,322.14,323.54,325.33,290.60,325.26,304.33,320.51,320.54,325.35,304.61,328.86,304.78,322.95,390.59,317.07,374.14,315.07,360.13,322.75,376.11,323.23,374.98,317.47,339.01,325.98,324.69,361.36,322.22,371.71,327.71,378.47,343.93,384.74,361.02,375.96,365.91,367.71,360.40,358.07,340.36,352.90,329.86,379.48,357.36,376.74,319.84,398.61,327.41,394.60,337.24,394.00,345.28,395.17,353.49,392.66,364.71,391.76,375.76,394.33,368.40,401.97,359.04,407.54,346.92,409.77,335.25,409.17,327.04,404.98,332.44,399.29,346.10,400.16,360.46,397.29,360.52,396.13,346.10,399.91,332.02,398.34,341.89,378.29,296.07,321.77,313.72,320.98,312.71,327.50,296.93,327.78,383.21,314.72,365.31,317.27,367.91,323.31,383.92,320.89,
./P_45/1492719205697_12_-study-educational_advantages_of_social_networking_sites_writing_frames/1491424547214.png,1491424547214,0.24429337680339813,0.24840441346168518,0.2914745509624481,0.3929625153541565,0.24791666666666667,0.21166666666666667,269.33,310.09,270.34,333.96,276.54,359.19,285.78,386.40,300.00,407.78,316.28,425.84,332.95,442.08,353.71,445.40,376.31,439.04,395.04,420.11,410.97,398.19,422.52,372.50,426.14,342.38,426.47,316.24,422.29,293.23,400.96,307.17,385.97,310.14,368.71,316.78,355.10,322.11,281.38,317.12,293.82,317.70,311.02,321.15,324.92,324.22,291.88,324.18,305.61,319.32,321.73,324.11,305.89,327.64,306.05,321.77,391.61,315.69,375.23,313.62,361.23,321.31,377.17,321.78,376.08,316.03,340.13,324.53,325.76,360.00,323.26,370.49,328.81,377.32,344.98,383.43,362.03,374.72,366.90,366.43,361.37,356.69,341.45,351.45,330.88,378.18,358.36,375.38,321.27,397.93,328.65,393.77,338.35,393.05,346.37,394.21,354.53,391.68,365.64,390.84,376.52,393.54,369.27,401.09,360.06,406.63,348.05,408.89,336.50,408.34,328.35,404.21,333.74,398.48,347.23,399.32,361.43,396.39,361.49,395.22,347.19,399.01,333.29,397.48,342.95,376.88,297.36,320.62,314.95,319.77,313.95,326.25,298.21,326.62,384.27,313.29,366.41,315.81,368.98,321.85,384.96,319.45,
./P_45/1492719205697_12_-study-educational_advantages_of_social_networking_sites_writing_frames/1491424547398.png,1491424547398,0.22689545154571533,0.3049949109554291,0.2700587511062622,0.4601100981235504,0.36614583333333334,0.21083333333333334,269.11,309.23,270.10,333.18,276.42,358.77,286.04,386.33,300.50,407.69,316.90,425.46,333.68,441.26,354.25,444.61,376.72,438.14,395.47,419.52,411.56,398.01,423.28,372.62,427.10,342.58,427.69,316.24,423.41,292.94,401.06,306.86,386.27,310.21,369.29,317.00,355.94,322.46,282.13,316.65,294.57,317.66,311.49,321.42,325.12,324.70,292.83,324.27,306.61,319.53,322.49,324.46,306.78,328.00,307.04,322.01,392.17,315.93,375.96,313.88,361.96,321.60,377.84,322.20,376.89,316.33,340.61,325.04,326.13,359.95,323.52,370.44,329.09,377.24,344.96,383.54,362.06,374.71,366.97,366.43,361.40,356.75,341.65,351.85,331.10,378.35,358.27,375.61,322.05,397.42,329.47,393.72,338.92,393.16,346.82,394.37,354.79,391.86,365.90,390.85,377.05,393.12,369.94,401.10,360.75,406.92,348.74,409.24,337.31,408.59,329.21,404.16,334.64,398.62,347.92,399.59,362.05,396.62,361.88,395.21,347.65,398.98,334.01,397.37,342.90,377.10,298.35,320.78,315.87,320.09,314.81,326.60,299.14,326.89,384.91,313.56,367.15,316.10,369.69,322.25,385.59,319.79,
./P_45/1492719205697_12_-study-educational_advantages_of_social_networking_sites_writing_frames/1491424547492.png,1491424547492,0.2392713725566864,0.2745339870452881,0.2733546197414398,0.3376598656177521,0.34270833333333334,0.175,269.20,309.26,269.96,333.10,276.20,358.57,285.86,386.08,300.40,407.54,316.96,425.47,333.83,441.41,354.27,444.74,376.68,438.38,395.69,419.65,411.97,397.94,423.80,372.41,427.74,342.32,428.29,316.08,423.90,292.95,400.99,306.88,386.13,310.36,369.26,317.07,355.92,322.40,282.43,316.41,294.87,317.61,311.65,321.34,325.24,324.54,292.92,324.10,306.66,319.71,322.46,324.20,306.78,327.61,307.03,321.88,392.15,315.94,375.98,314.20,362.02,321.44,377.82,321.95,376.90,316.33,340.66,324.90,326.06,359.73,323.48,370.16,329.01,376.93,345.03,383.40,362.22,374.43,367.14,366.18,361.60,356.53,341.71,351.70,331.11,378.22,358.40,375.50,321.86,397.13,329.21,393.30,338.76,392.77,346.72,394.00,354.78,391.47,365.94,390.47,377.01,392.90,369.88,401.08,360.64,407.05,348.61,409.38,337.15,408.69,329.02,404.10,334.46,398.63,347.81,399.70,361.96,396.66,361.83,394.81,347.55,398.58,333.81,396.95,342.96,376.94,298.48,320.85,315.81,320.13,314.75,326.28,299.24,326.55,384.86,313.80,367.26,316.24,369.75,322.02,385.50,319.64,
./P_45/1492719205697_12_-study-educational_advantages_of_social_networking_sites_writing_frames/1491424547597.png,1491424547597,0.2185354232788086,0.2704785466194153,0.2592039108276367,0.31065475940704346,0.32760416666666664,0.1475,268.96,308.94,269.63,332.90,275.86,358.51,285.51,386.08,300.08,407.63,316.71,425.60,333.63,441.55,354.15,444.88,376.64,438.55,395.79,419.90,412.21,398.21,424.17,372.59,428.16,342.34,428.68,315.90,424.14,292.60,400.63,306.49,385.83,310.15,369.08,316.94,355.85,322.29,282.48,316.00,294.81,317.39,311.48,321.22,324.97,324.46,292.83,323.90,306.55,319.34,322.35,324.08,306.69,327.56,306.95,321.69,391.99,315.75,375.78,313.84,361.87,321.33,377.68,321.92,376.74,316.15,340.50,324.78,325.90,359.57,323.25,370.11,328.82,376.97,344.88,383.39,362.15,374.46,367.11,366.13,361.47,356.37,341.54,351.60,330.96,378.18,358.26,375.45,321.62,397.32,329.12,393.74,338.63,393.24,346.58,394.47,354.64,391.93,365.74,390.92,376.95,393.08,369.67,400.96,360.36,406.69,348.36,408.96,336.94,408.32,328.80,403.97,334.22,398.42,347.57,399.36,361.75,396.45,361.67,395.26,347.41,399.07,333.68,397.39,342.78,376.84,298.34,320.52,315.74,319.85,314.68,326.20,299.12,326.44,384.71,313.47,367.04,315.98,369.57,321.96,385.37,319.54,
./P_45/1492719205697_12_-study-educational_advantages_of_social_networking_sites_writing_frames/1491424547690.png,1491424547690,0.16394124925136566,0.278265118598938,0.26964354515075684,0.3097536563873291,0.34479166666666666,0.30666666666666664,268.93,308.80,269.48,332.85,275.68,358.51,285.23,386.04,299.72,407.61,316.36,425.64,333.35,441.63,353.88,444.98,376.49,438.83,395.95,420.26,412.50,398.47,424.48,372.68,428.45,342.29,428.92,315.81,424.35,292.60,400.47,306.49,385.44,310.25,368.74,317.00,355.49,322.24,282.32,315.52,294.78,317.03,311.38,320.95,324.83,324.19,292.56,323.66,306.26,319.24,322.17,323.88,306.39,327.29,306.63,321.50,391.87,315.89,375.59,314.05,361.61,321.35,377.47,321.94,376.52,316.26,340.30,324.66,325.70,359.60,323.21,370.04,328.71,376.82,344.65,383.25,361.86,374.45,366.83,366.20,361.36,356.48,341.31,351.44,330.84,378.03,357.99,375.40,321.36,397.16,328.70,393.23,338.29,392.63,346.28,393.88,354.42,391.37,365.65,390.52,376.78,393.13,369.42,400.96,360.08,406.63,348.07,408.82,336.64,408.15,328.56,403.79,333.89,398.18,347.30,399.17,361.55,396.32,361.47,394.83,347.12,398.50,333.31,396.89,342.54,376.65,298.07,320.37,315.48,319.71,314.41,325.98,298.83,326.17,384.55,313.68,366.84,316.09,369.35,321.97,385.19,319.63,
./P_45/1492719205697_12_-study-educational_advantages_of_social_networking_sites_writing_frames/1491424547787.png,1491424547787,0.18192945420742035,0.34593895077705383,0.23434340953826904,0.3542272746562958,0.37083333333333335,0.25083333333333335,268.79,308.61,269.34,332.81,275.52,358.38,284.99,385.78,299.44,407.31,316.08,425.33,332.98,441.44,353.59,444.83,376.23,438.76,395.68,420.33,412.40,398.62,424.60,372.79,428.66,342.16,429.07,315.60,424.40,292.22,400.49,306.10,385.42,309.57,368.43,316.14,355.01,321.32,281.97,315.34,294.23,316.54,311.06,320.15,324.68,323.25,292.24,322.96,305.92,318.38,321.84,323.05,306.11,326.53,306.29,320.70,391.63,315.07,375.24,313.11,361.32,320.48,377.15,321.11,376.20,315.39,340.00,323.55,325.48,358.79,322.83,369.40,328.41,376.30,344.56,382.59,361.91,373.87,366.94,365.50,361.24,355.60,341.10,350.52,330.62,377.36,357.96,374.68,320.95,396.80,328.53,393.07,338.12,392.52,346.12,393.79,354.28,391.23,365.44,390.34,376.71,392.69,369.20,400.28,359.77,405.78,347.76,407.92,336.30,407.31,328.16,403.15,333.54,397.42,346.99,398.30,361.28,395.54,361.30,394.72,346.95,398.48,333.11,396.82,342.41,375.88,297.74,319.57,315.15,318.83,314.12,325.18,298.52,325.43,384.24,312.78,366.50,315.18,369.01,321.12,384.90,318.80,
./P_45/1492719205697_12_-study-educational_advantages_of_social_networking_sites_writing_frames/1491424547882.png,1491424547882,0.17393118143081665,0.2879164218902588,0.2337505966424942,0.3816327452659607,0.35625,0.30666666666666664,268.80,308.34,269.42,332.67,275.63,358.22,284.95,385.50,299.20,406.93,315.66,424.88,332.49,440.92,353.13,444.37,375.84,438.41,395.39,420.17,412.10,398.49,424.24,372.62,428.22,341.95,428.62,315.39,424.02,292.05,400.37,305.82,385.12,309.18,368.07,315.60,354.58,320.66,281.55,314.84,293.89,315.91,310.74,319.43,324.38,322.46,291.87,322.28,305.53,317.80,321.53,322.31,305.71,325.70,305.86,320.00,391.36,314.60,374.94,312.69,360.96,319.86,376.80,320.42,375.88,314.84,339.67,322.83,325.19,358.05,322.68,368.57,328.20,375.38,344.18,381.63,361.43,373.04,366.44,364.77,360.91,354.91,340.73,349.63,330.36,376.38,357.52,373.75,320.70,395.94,328.08,391.80,337.73,391.15,345.77,392.41,354.00,389.89,365.28,389.13,376.44,391.98,368.95,399.59,359.51,405.06,347.48,407.16,335.99,406.52,327.91,402.33,333.23,396.64,346.72,397.58,361.08,394.83,361.04,393.42,346.60,397.07,332.70,395.50,342.02,374.87,297.37,318.96,314.76,318.20,313.73,324.39,298.14,324.66,383.94,312.36,366.21,314.68,368.68,320.44,384.57,318.20,
./P_45/1492719205697_12_-study-educational_advantages_of_social_networking_sites_writing_frames/1491424547977.png,1491424547977,0.19005420804023743,0.36237701773643494,0.2328435778617859,0.3295745253562927,0.28854166666666664,-0.11833333333333333,270.30,308.87,270.33,332.87,275.94,358.19,284.85,385.01,298.80,406.32,315.16,424.09,331.96,440.02,352.51,443.28,375.16,437.40,394.78,419.27,411.90,397.79,424.21,372.01,428.07,341.70,427.83,315.26,422.59,292.21,400.44,303.67,385.39,305.19,367.37,311.22,353.50,316.50,281.93,313.76,293.57,313.04,311.05,315.70,325.06,318.57,292.42,322.49,305.79,317.32,321.87,321.74,306.31,325.80,306.39,320.08,390.91,313.84,374.52,311.45,360.66,318.88,376.34,319.81,375.31,314.21,339.52,320.40,325.25,355.37,322.11,366.01,327.82,372.91,344.04,378.33,361.62,370.24,366.67,361.89,360.33,352.06,340.48,346.39,330.46,373.39,356.93,370.57,319.65,392.95,328.03,389.13,337.73,388.32,345.59,389.49,353.64,386.95,365.04,386.16,377.20,388.29,369.38,395.93,359.71,401.43,347.26,403.75,335.39,403.24,327.05,399.16,332.72,393.42,346.46,394.06,361.20,391.22,361.19,390.92,346.45,394.62,332.46,393.30,341.68,370.81,297.82,318.82,314.93,317.63,314.32,324.22,298.68,324.87,383.46,311.32,365.88,313.56,368.18,319.73,384.16,317.55,
./P_45/1492719205697_12_-study-educational_advantages_of_social_networking_sites_writing_frames/1491424548071.png,1491424548071,0.16054530441761017,0.36749202013015747,0.16416454315185547,0.3404143452644348,0.4005208333333333,0.11833333333333333,270.22,309.33,270.03,333.30,275.43,358.44,284.40,384.67,298.38,405.59,314.80,422.59,331.70,437.60,352.04,440.65,374.42,434.76,394.13,417.26,411.49,396.50,423.92,371.22,427.99,341.73,427.60,315.47,422.05,292.35,399.72,300.69,385.11,301.43,367.08,307.57,353.41,313.36,282.36,311.56,293.62,310.01,311.13,312.57,325.09,315.75,292.95,321.60,306.16,315.62,322.19,320.54,306.93,325.03,307.03,319.06,390.37,312.33,374.12,309.24,360.41,317.38,375.97,318.59,374.87,312.73,339.45,318.01,325.28,351.70,321.67,362.43,327.55,369.38,343.78,374.03,361.41,366.50,366.49,358.10,359.64,348.32,340.27,342.69,330.61,369.29,356.13,366.43,318.89,389.85,327.72,385.83,337.58,384.63,345.31,385.76,353.20,383.20,364.77,382.63,377.35,384.72,369.52,392.83,359.79,398.57,347.09,401.07,334.96,400.64,326.37,396.44,332.31,390.87,346.24,391.25,361.20,388.38,361.13,387.56,346.16,391.09,332.07,390.13,341.34,365.81,298.21,317.45,315.32,316.08,314.91,323.26,299.23,324.13,383.05,309.35,365.48,311.66,367.76,318.44,383.77,316.24,
./P_45/1492719205697_12_-study-educational_advantages_of_social_networking_sites_writing_frames/1491424548163.png,1491424548163,0.1450750231742859,0.28757596015930176,0.16155269742012024,0.34049108624458313,0.346875,-0.06916666666666667,270.07,309.85,270.37,333.54,275.80,358.42,284.78,384.20,298.41,404.72,314.50,421.16,331.43,435.34,351.90,438.19,374.32,431.80,393.91,414.82,411.12,395.01,423.37,370.79,427.45,342.23,427.18,316.13,421.60,292.37,398.44,297.50,384.08,298.14,366.29,304.37,352.98,310.44,282.30,310.33,293.34,308.37,310.67,310.61,324.40,313.68,293.31,320.97,306.37,314.40,322.09,319.72,307.28,324.41,307.53,318.18,389.75,310.26,373.82,306.84,360.28,315.74,375.75,316.92,374.87,310.73,338.81,316.50,324.95,350.02,321.01,360.87,327.07,367.74,342.90,371.99,360.52,364.47,365.63,356.09,358.25,346.43,339.39,340.90,329.93,367.47,354.94,364.30,318.28,388.04,327.27,384.09,337.09,382.80,344.65,383.83,352.25,381.23,363.96,380.38,377.11,382.08,369.38,390.96,359.64,397.28,346.73,400.17,334.54,399.82,325.73,395.28,331.97,390.06,345.80,390.35,360.81,387.10,360.53,385.40,345.50,389.02,331.65,388.29,340.27,363.62,298.48,316.48,315.43,315.02,315.08,322.51,299.60,323.58,382.65,307.01,365.22,309.63,367.60,316.82,383.39,314.39,
./P_45/1492719205697_12_-study-educational_advantages_of_social_networking_sites_writing_frames/1491424548266.png,1491424548266,0.1354018747806549,0.2981903851032257,0.16041621565818787,0.2852269411087036,0.409375,0.0675,269.69,310.43,270.39,334.02,276.06,358.55,285.22,383.67,298.79,403.62,314.82,419.42,331.68,432.83,351.94,435.39,374.10,428.98,393.54,412.60,410.58,393.45,422.68,369.93,426.76,342.09,426.62,316.25,420.98,292.26,396.85,294.72,382.62,295.46,365.24,301.88,352.19,308.17,281.73,308.59,292.70,306.38,309.90,308.60,323.51,311.72,292.87,320.06,305.90,313.19,321.51,318.69,306.88,323.51,307.29,317.15,389.20,308.68,373.42,305.11,359.89,314.35,375.41,315.55,374.61,309.21,338.03,314.95,324.47,348.62,320.38,359.54,326.54,366.35,342.24,370.24,359.92,362.87,365.06,354.47,357.42,344.87,338.61,339.13,329.40,365.75,354.17,362.43,317.92,386.68,326.93,382.70,336.68,381.21,344.17,382.18,351.61,379.58,363.32,378.75,376.63,380.35,368.78,388.98,359.06,395.15,346.31,398.06,334.32,397.83,325.48,393.58,331.65,388.18,345.31,388.23,360.19,385.06,359.94,383.93,345.05,387.53,331.36,386.95,339.53,361.62,298.00,315.40,314.93,313.87,314.62,321.54,299.17,322.72,382.23,305.31,364.83,308.05,367.25,315.45,382.99,312.93,
./P_45/1492719205697_12_-study-educational_advantages_of_social_networking_sites_writing_frames/1491424548449.png,1491424548449,0.12457910180091858,0.3098432421684265,0.16438670456409454,0.3332136273384094,0.34270833333333334,-0.0675,269.20,311.19,270.89,334.54,277.33,358.40,286.53,382.40,299.46,401.14,314.96,415.45,331.66,427.05,351.56,429.20,373.27,422.70,392.79,408.02,409.57,390.52,421.27,368.42,425.21,341.35,425.44,315.73,419.86,291.23,393.87,290.87,379.80,291.57,363.28,297.46,350.72,303.45,280.96,306.88,291.42,304.12,307.81,305.41,320.97,307.82,292.36,319.39,305.00,312.37,320.35,317.59,306.17,322.70,306.64,316.33,387.36,306.46,371.92,303.08,358.63,312.48,374.05,313.64,373.41,307.23,336.33,312.96,323.70,347.35,319.85,358.22,326.08,364.74,341.02,367.87,358.28,360.87,363.36,352.62,355.61,343.21,336.98,336.89,328.64,363.46,352.36,359.82,317.76,385.41,326.45,381.34,335.87,379.57,343.18,380.38,350.35,377.74,361.88,376.87,375.26,378.30,367.37,386.71,357.79,392.70,345.45,395.70,333.93,395.72,325.24,391.89,331.13,386.17,344.30,385.84,358.83,382.67,358.60,381.99,344.08,385.42,330.93,385.34,338.02,359.01,297.32,314.72,313.86,312.97,313.69,320.60,298.55,322.03,380.55,303.22,363.49,306.20,365.98,313.60,381.42,310.88,
./P_45/1492719205697_12_-study-educational_advantages_of_social_networking_sites_writing_frames/1491424548538.png,1491424548538,0.14316752552986145,0.30533745884895325,0.16455398499965668,0.2987380921840668,0.3578125,0.04666666666666667,269.31,311.79,271.28,334.90,277.98,358.26,287.11,381.49,299.73,399.53,314.93,413.10,331.41,423.97,350.89,425.96,372.21,419.62,391.80,405.74,408.67,388.98,420.43,367.43,424.46,340.74,424.78,315.33,419.26,290.95,392.88,289.44,378.91,289.78,362.62,295.48,350.19,301.49,280.88,306.24,290.90,303.06,306.92,303.96,319.97,306.19,292.24,319.48,304.62,312.27,319.96,317.47,305.96,322.83,306.38,316.39,386.42,305.87,371.01,302.48,357.94,312.09,373.25,313.28,372.51,306.81,335.72,312.29,323.50,346.92,319.73,357.68,325.98,364.11,340.71,366.84,357.77,360.07,362.81,351.87,354.97,342.59,336.45,336.02,328.53,362.52,351.68,358.73,317.65,384.80,326.32,380.78,335.61,378.88,342.80,379.64,349.87,376.96,361.28,376.12,374.67,377.34,366.70,385.61,357.17,391.46,345.02,394.48,333.68,394.62,325.07,391.02,330.83,385.07,343.81,384.49,358.20,381.38,358.11,381.27,343.71,384.63,330.76,384.80,337.56,357.85,297.06,314.73,313.45,312.84,313.41,320.64,298.36,322.19,379.62,302.62,362.67,305.73,365.20,313.26,380.58,310.45,
./P_45/1492719205697_12_-study-educational_advantages_of_social_networking_sites_writing_frames/1491424548720.png,1491424548720,0.16688428819179535,0.3012597858905792,0.23628145456314087,0.2979995310306549,0.3546875,-0.0375,270.81,312.51,272.88,334.90,279.54,357.21,288.27,379.41,300.20,396.61,314.63,409.62,330.48,420.06,349.11,422.02,369.84,415.98,389.76,402.55,407.07,386.25,419.19,365.15,423.57,339.06,423.92,314.29,418.54,290.70,392.54,288.34,379.00,288.14,362.99,293.39,350.63,299.35,282.10,306.51,291.42,302.57,307.03,302.65,320.04,304.52,293.64,319.43,305.61,312.12,320.71,317.09,307.19,322.62,307.58,316.23,385.47,304.98,370.33,301.67,357.74,311.40,372.70,312.47,371.93,306.02,335.96,311.57,323.90,346.39,320.34,356.84,326.57,363.21,340.95,365.67,357.61,359.02,362.53,350.98,354.74,341.92,336.59,335.20,328.99,361.57,351.42,357.63,318.05,383.84,326.41,379.80,335.56,377.85,342.56,378.61,349.50,375.86,360.61,375.01,373.62,376.11,365.73,384.53,356.41,390.47,344.54,393.60,333.49,393.85,324.99,390.13,330.63,384.12,343.27,383.37,357.41,380.14,357.56,380.10,343.34,383.40,330.79,383.79,337.68,356.81,298.32,314.68,314.26,312.54,314.40,320.38,299.68,322.07,378.78,301.77,362.19,305.05,364.80,312.53,379.83,309.60,
./P_45/1492719205697_12_-study-educational_advantages_of_social_networking_sites_writing_frames/1491424548815.png,1491424548815,0.12616796791553497,0.3137689232826233,0.15418614447116852,0.3113752603530884,0.54375,0.03916666666666667,271.84,311.83,273.76,334.03,280.23,356.26,288.78,378.59,300.51,395.86,314.65,409.04,330.19,419.72,348.68,421.79,369.30,415.72,389.06,402.05,406.32,385.65,418.49,364.56,422.99,338.54,423.39,313.87,418.10,290.47,392.80,288.61,379.53,288.28,363.58,293.34,351.25,299.15,283.27,306.77,292.49,302.70,308.07,302.59,321.04,304.32,294.77,319.27,306.69,311.96,321.60,316.99,308.27,322.52,308.67,316.12,385.50,304.94,370.56,301.57,358.12,311.35,372.95,312.45,372.23,305.97,336.66,311.50,324.50,346.42,320.93,356.83,327.12,363.23,341.41,365.72,357.90,359.11,362.79,351.13,355.04,342.07,337.21,335.29,329.47,361.64,351.82,357.74,318.38,383.83,326.75,379.99,335.83,378.12,342.77,378.90,349.67,376.17,360.56,375.30,373.36,376.22,365.58,384.74,356.41,390.77,344.58,393.95,333.56,394.18,325.09,390.28,330.81,384.41,343.34,383.74,357.33,380.43,357.56,380.33,343.47,383.61,331.06,383.94,338.23,357.00,299.45,314.51,315.25,312.39,315.40,320.29,300.78,321.94,378.93,301.68,362.49,304.98,365.11,312.50,379.99,309.57,
./P_45/1492719205697_12_-study-educational_advantages_of_social_networking_sites_writing_frames/1491424548909.png,1491424548909,0.13353392481803894,0.2613198757171631,0.19525057077407837,0.3389177918434143,0.6161458333333333,-0.10166666666666667,272.33,310.58,273.94,332.72,280.22,355.18,288.77,377.94,300.66,395.47,314.85,408.88,330.37,419.72,348.70,421.81,369.05,415.86,388.50,402.02,405.64,385.52,417.86,364.39,422.49,338.33,423.02,313.60,417.73,290.33,393.11,289.25,380.12,289.03,364.36,293.99,352.07,299.65,284.24,306.90,293.66,302.91,309.26,302.90,322.22,304.64,295.87,319.14,307.96,312.01,322.69,317.10,309.40,322.52,309.92,316.15,385.96,305.42,371.24,302.05,358.70,311.69,373.55,312.89,372.92,306.41,337.57,311.82,325.16,346.83,321.63,357.14,327.75,363.55,341.96,366.20,358.29,359.62,363.12,351.75,355.68,342.69,338.04,335.76,330.11,362.07,352.37,358.37,318.87,383.89,327.27,380.23,336.30,378.45,343.27,379.26,350.16,376.60,360.88,375.77,373.42,376.66,365.68,384.96,356.67,390.85,344.94,393.95,333.99,394.13,325.57,390.25,331.25,384.36,343.74,383.76,357.63,380.54,357.88,380.74,343.89,383.96,331.52,384.17,338.99,357.62,300.67,314.47,316.45,312.48,316.53,320.35,301.89,321.90,379.51,302.17,363.16,305.36,365.70,312.91,380.55,310.02,
./P_45/1492719205697_12_-study-educational_advantages_of_social_networking_sites_writing_frames/1491424548999.png,1491424548999,0.11199255287647247,0.21344654262065887,0.159781813621521,0.33534494042396545,0.53125,-0.19916666666666666,272.02,309.50,273.46,331.62,279.69,354.30,288.44,377.38,300.64,395.08,315.05,408.62,330.70,419.66,348.99,421.85,369.02,415.92,388.00,401.93,404.97,385.44,417.30,364.35,422.21,338.25,422.98,313.44,417.81,290.24,393.59,289.71,380.73,289.81,365.11,295.13,352.91,300.99,284.95,306.78,294.79,303.08,310.58,303.63,323.55,305.75,296.49,319.18,308.87,312.19,323.54,317.49,310.16,322.85,310.79,316.37,386.79,306.03,372.19,302.64,359.46,312.28,374.42,313.61,373.79,307.04,338.56,312.34,325.93,347.08,322.25,357.32,328.33,363.74,342.72,366.58,358.99,359.95,363.81,352.17,356.50,343.14,339.06,336.29,330.86,362.41,353.24,358.90,319.23,383.74,327.85,380.20,336.99,378.45,343.97,379.31,350.84,376.69,361.48,375.91,373.81,376.82,366.25,385.47,357.40,391.63,345.63,394.74,334.55,394.80,326.04,390.56,331.89,384.81,344.45,384.38,358.25,381.16,358.47,380.94,344.54,384.12,332.07,384.23,340.03,358.13,301.45,314.57,317.40,312.75,317.37,320.72,302.59,322.12,380.44,302.78,364.01,305.91,366.52,313.59,381.43,310.72,
./P_45/1492719205697_12_-study-educational_advantages_of_social_networking_sites_writing_frames/1491424549092.png,1491424549092,0.09915994107723236,0.33265388011932373,0.15176299214363098,0.34083321690559387,0.4234375,-0.10666666666666667,272.37,308.84,273.65,330.80,279.67,353.52,288.29,376.83,300.53,394.74,315.05,408.57,330.87,419.96,349.32,422.23,369.34,416.33,388.06,402.04,404.84,385.41,417.06,364.33,422.00,338.32,422.86,313.63,417.94,290.65,394.45,290.59,381.64,290.76,365.96,296.14,353.71,301.94,285.78,306.85,295.91,303.39,311.80,304.22,324.81,306.45,297.07,319.40,309.61,312.58,324.26,317.98,310.77,323.27,311.42,316.75,387.67,306.84,373.13,303.45,360.29,312.99,375.28,314.42,374.62,307.83,339.54,313.00,326.70,347.92,322.87,358.11,328.93,364.57,343.52,367.62,359.81,360.92,364.63,353.20,357.41,344.16,340.07,337.22,331.52,363.36,354.23,359.99,319.66,384.14,328.52,380.84,337.72,379.23,344.71,380.13,351.57,377.56,362.14,376.74,374.41,377.52,366.87,386.06,358.05,392.19,346.26,395.25,335.11,395.23,326.54,390.94,332.51,385.18,345.13,384.84,358.89,381.68,359.13,381.84,345.25,385.04,332.72,384.98,341.03,359.31,302.12,314.87,318.15,313.20,318.04,321.18,303.18,322.45,381.37,303.60,364.91,306.64,367.37,314.35,382.32,311.53,
./P_45/1492719205697_12_-study-educational_advantages_of_social_networking_sites_writing_frames/1491424549193.png,1491424549193,0.17347463965415955,0.4113900363445282,0.19122307002544403,0.33797842264175415,0.4161458333333333,0.145,272.49,308.36,273.67,330.24,279.57,353.06,288.13,376.40,300.50,394.46,315.21,408.36,331.24,419.87,349.80,422.17,369.77,416.40,388.36,402.12,405.03,385.51,417.23,364.42,422.23,338.50,423.20,313.84,418.51,291.03,395.28,291.20,382.47,291.59,366.92,297.31,354.74,303.29,286.38,306.62,296.79,303.49,312.72,304.91,325.70,307.54,297.45,319.66,310.19,312.78,325.00,318.58,311.28,323.84,312.01,317.15,388.69,307.75,374.08,304.15,361.02,313.88,376.20,315.46,375.43,308.73,340.48,313.79,327.42,348.37,323.58,358.45,329.58,364.93,344.32,368.04,360.58,361.46,365.40,353.78,358.38,344.79,341.05,337.82,332.32,363.67,355.11,360.50,320.03,384.44,329.01,381.07,338.37,379.40,345.42,380.33,352.34,377.81,362.96,377.17,375.08,378.15,367.51,386.51,358.70,392.46,346.88,395.40,335.61,395.34,327.01,391.14,333.00,385.28,345.79,384.92,359.62,381.96,359.90,382.28,345.94,385.37,333.19,385.28,342.02,359.74,302.55,315.04,318.90,313.54,318.69,321.79,303.59,322.90,382.42,304.37,365.70,307.36,368.17,315.34,383.33,312.56,
./P_45/1492719205697_12_-study-educational_advantages_of_social_networking_sites_writing_frames/1491424549445.png,1491424549445,0.15723736584186554,0.4274159073829651,0.2206929624080658,0.34331241250038147,0.42916666666666664,-0.015,272.81,307.83,274.46,329.95,280.43,352.78,288.75,376.18,300.79,394.25,315.17,408.46,331.05,420.64,350.32,423.44,370.99,417.30,389.49,402.65,405.78,385.90,417.75,364.90,422.67,338.82,423.84,314.16,419.95,291.09,396.78,292.22,383.66,293.10,367.88,299.12,355.73,305.13,286.78,306.49,297.34,304.31,313.22,306.28,326.05,309.14,297.24,319.12,309.92,312.16,324.83,318.62,310.92,323.67,311.45,316.64,389.62,307.75,374.74,303.94,361.87,314.14,376.96,315.66,376.02,308.59,341.11,314.78,328.13,349.52,324.05,359.75,330.08,366.35,345.01,369.99,361.30,363.05,366.25,355.25,359.01,346.09,341.76,339.57,332.51,365.44,356.26,362.30,320.58,385.51,329.72,382.67,339.08,381.47,346.01,382.43,352.87,379.95,363.45,378.99,375.67,379.50,368.25,388.16,359.31,394.37,347.41,397.35,336.04,397.10,327.42,392.57,333.68,387.08,346.41,387.02,360.14,383.95,360.35,384.00,346.55,387.32,333.87,386.85,342.75,362.23,302.19,314.37,318.78,313.20,318.37,321.68,303.27,322.53,383.27,304.18,366.31,307.35,368.96,315.50,384.17,312.67,
./P_45/1492719205697_12_-study-educational_advantages_of_social_networking_sites_writing_frames/1491424549543.png,1491424549543,0.1670839786529541,0.4158095121383667,0.1916162073612213,0.3528215289115906,0.184375,0.2758333333333333,274.33,306.89,275.67,329.36,281.72,352.44,290.04,376.05,301.97,394.07,316.28,408.77,331.86,421.81,350.95,425.37,371.91,419.64,390.93,404.61,407.07,387.04,418.71,365.48,423.73,338.96,425.25,314.49,422.11,292.26,398.31,294.97,385.09,296.08,369.63,301.34,357.41,306.36,287.73,304.73,298.27,303.56,313.61,305.92,326.16,308.86,297.33,318.97,309.86,313.69,324.68,319.29,310.46,323.60,310.89,317.28,391.21,311.01,376.36,308.10,363.47,316.42,378.28,318.03,377.31,311.75,342.34,317.02,328.99,351.81,324.77,361.81,330.52,368.36,345.90,373.46,362.46,366.03,367.63,358.33,360.68,349.15,342.97,342.52,333.07,368.25,357.93,365.83,321.11,386.59,330.43,384.68,339.80,384.34,346.71,385.48,353.80,383.26,364.24,382.21,376.30,382.43,368.91,391.37,359.68,397.77,347.87,400.45,336.47,399.52,327.98,394.35,334.36,389.37,347.10,390.27,360.64,387.34,360.77,386.93,347.26,390.08,334.49,388.90,343.88,366.00,302.35,315.26,318.48,314.67,317.86,321.99,303.16,322.22,384.67,308.23,368.22,310.78,370.55,317.74,385.43,315.42,
./P_45/1492719205697_12_-study-educational_advantages_of_social_networking_sites_writing_frames/1491424549637.png,1491424549637,0.17587418854236603,0.4115177392959595,0.1878100335597992,0.3720196783542633,0.215625,0.2833333333333333,275.55,305.75,276.55,328.52,282.70,352.03,290.94,375.97,302.95,394.29,317.37,409.49,332.92,423.12,351.81,426.84,372.69,421.66,391.94,406.66,408.17,388.79,420.08,366.93,425.42,339.77,427.31,314.93,424.56,292.69,401.22,296.22,387.36,296.80,371.57,301.52,358.80,306.05,288.38,303.55,299.15,302.54,314.38,304.93,327.21,307.79,297.54,318.82,310.19,314.17,325.51,319.57,310.63,323.60,310.94,317.49,393.19,312.45,377.92,309.81,364.66,317.50,379.73,319.19,378.55,313.17,343.72,317.67,330.06,354.56,326.23,364.34,331.78,370.80,347.27,376.39,363.77,368.98,369.01,361.43,362.68,352.23,344.44,344.36,334.29,370.83,359.55,368.75,321.90,388.72,331.01,386.54,340.57,386.30,347.74,387.51,355.21,385.36,365.82,384.55,377.61,385.38,369.90,393.93,360.51,400.07,348.71,402.50,337.28,401.37,328.91,396.22,335.09,390.88,348.08,392.01,361.80,389.31,362.02,389.26,348.32,392.19,335.22,390.89,345.35,368.97,302.65,315.49,318.96,315.08,318.25,322.20,303.30,322.13,386.36,309.93,369.68,312.16,371.91,318.87,387.13,316.77,
./P_45/1492719205697_12_-study-educational_advantages_of_social_networking_sites_writing_frames/1491424549823.png,1491424549823,0.160867378115654,0.7134380340576172,0.16494524478912354,0.66074538230896,0.29375,0.25166666666666665,276.65,304.42,277.40,327.38,283.51,351.65,291.57,376.55,303.78,395.74,318.58,411.52,334.69,425.50,353.84,429.19,374.80,424.30,394.22,409.29,410.69,391.32,422.96,369.13,428.60,341.34,431.02,315.82,428.70,293.21,406.86,297.58,392.59,297.19,376.16,301.63,362.68,306.09,289.62,303.73,300.81,302.30,316.36,304.73,329.77,307.66,298.91,320.09,312.11,315.43,328.21,321.10,312.46,325.27,312.82,319.01,397.68,314.41,381.88,311.54,367.80,319.30,383.56,321.33,382.16,315.18,346.89,318.93,332.34,357.47,328.88,367.18,334.35,373.74,350.07,379.24,366.66,372.16,371.91,364.67,366.23,355.38,347.55,346.29,336.97,373.34,362.44,371.50,323.94,392.47,332.94,389.70,342.82,389.15,350.37,390.37,358.23,388.26,369.13,387.89,380.68,389.48,372.72,397.54,363.27,403.27,351.22,405.53,339.53,404.43,331.13,399.56,337.22,393.50,350.68,394.48,364.85,392.06,365.17,392.68,350.92,395.29,337.30,394.17,348.30,371.54,304.24,316.74,321.31,316.38,320.54,323.88,304.79,323.71,390.65,311.77,373.18,313.81,375.35,320.94,391.40,318.93,
./P_45/1492719205697_12_-study-educational_advantages_of_social_networking_sites_writing_frames/1491424549915.png,1491424549915,0.15813086926937103,0.7033458352088928,0.1573459953069687,0.577031135559082,0.340625,0.46,276.10,304.09,277.03,327.05,283.11,351.79,291.29,377.43,303.72,397.01,318.74,412.89,335.22,426.74,354.70,430.32,375.77,425.11,394.89,409.90,411.34,392.05,423.60,370.03,429.19,342.28,431.84,316.49,429.58,293.43,408.52,297.84,394.37,297.48,377.70,302.11,364.10,306.79,289.55,304.85,301.11,303.28,317.03,305.80,330.64,308.78,299.43,321.23,313.07,316.52,329.18,322.24,313.33,326.51,313.88,320.14,399.52,314.98,383.79,312.11,369.31,320.02,385.38,322.10,384.12,315.81,347.90,319.95,332.89,358.62,329.30,368.44,334.89,375.07,350.65,380.65,367.48,373.32,372.72,365.79,367.01,356.50,348.36,347.55,337.43,374.74,363.17,372.82,324.63,393.45,333.93,391.03,343.76,390.57,351.36,391.77,359.15,389.65,370.12,389.02,382.03,390.18,374.05,398.27,364.60,404.05,352.38,406.44,340.63,405.38,332.06,400.55,338.29,394.41,351.82,395.32,366.13,392.81,366.31,393.94,351.89,396.70,338.27,395.52,348.95,373.04,305.01,317.85,322.32,317.50,321.51,325.05,305.49,324.96,392.56,312.32,374.91,314.42,377.03,321.72,393.28,319.59,
./P_45/1492719205697_12_-study-educational_advantages_of_social_networking_sites_writing_frames/1491424550096.png,1491424550096,0.12744855880737305,0.6324843168258667,0.15200361609458923,0.5660406351089478,0.16875,0.5158333333333334,274.70,304.62,275.97,327.63,282.04,352.89,290.61,379.63,303.51,399.66,318.82,415.72,335.71,429.40,355.61,432.66,377.08,426.83,395.86,410.63,412.14,392.34,424.01,370.29,429.19,342.88,431.85,317.03,429.46,293.61,409.62,297.82,395.56,297.55,378.47,302.42,364.60,307.31,288.33,306.67,300.71,304.63,317.44,307.03,331.49,309.91,299.31,322.63,313.63,317.94,329.73,323.34,313.78,327.69,314.63,321.38,401.35,315.19,385.78,312.56,370.71,320.43,387.25,322.37,386.31,316.09,348.38,320.71,332.74,359.98,328.96,369.98,334.74,376.61,350.63,382.28,367.98,374.51,373.16,366.93,367.33,357.69,348.56,348.77,337.12,376.40,363.51,374.28,324.79,394.55,334.35,392.12,344.26,391.67,352.04,392.83,359.81,390.68,371.12,389.70,383.52,390.66,375.59,399.09,366.10,405.19,353.48,407.87,341.50,406.87,332.61,401.91,339.07,395.74,352.79,396.66,367.44,393.80,367.37,394.89,352.58,397.91,338.82,396.67,348.97,374.72,305.31,319.31,322.87,318.80,322.04,326.14,305.74,326.29,394.47,312.68,376.69,314.84,378.76,322.09,395.16,319.77,
./P_45/1492719205697_12_-study-educational_advantages_of_social_networking_sites_writing_frames/1491424550192.png,1491424550192,0.15376810729503632,0.6245759725570679,0.14721105992794037,0.5221455693244934,0.2598958333333333,0.5408333333333334,273.12,304.96,274.69,328.14,281.02,353.71,290.02,380.88,303.20,400.94,318.62,416.92,335.54,430.46,355.51,433.68,377.07,427.47,395.69,410.97,411.84,392.57,423.58,370.51,428.70,343.08,431.44,317.05,429.02,293.33,409.08,297.62,394.99,297.48,377.81,302.53,363.89,307.57,286.87,307.32,299.51,305.14,316.47,307.54,330.64,310.44,298.26,323.40,312.79,318.77,328.91,324.01,312.91,328.43,313.87,322.12,401.21,315.37,385.65,312.93,370.40,320.79,387.12,322.67,386.29,316.39,347.59,321.21,331.89,360.64,328.01,370.73,333.87,377.32,349.84,383.08,367.42,375.04,372.60,367.43,366.61,358.22,347.74,349.44,336.20,377.22,362.87,374.96,324.08,395.19,333.74,392.82,343.70,392.38,351.54,393.51,359.31,391.33,370.81,390.18,383.46,390.98,375.66,400.09,366.13,406.72,353.25,409.62,341.07,408.57,332.03,403.20,338.66,397.24,352.49,398.29,367.26,395.14,367.06,395.44,352.11,398.57,338.27,397.35,348.14,375.55,304.39,320.14,322.04,319.59,321.21,326.83,304.81,327.06,394.33,312.98,376.51,315.23,378.58,322.43,395.04,320.00,
./P_45/1492719205697_12_-study-educational_advantages_of_social_networking_sites_writing_frames/1491424550372.png,1491424550372,0.1361551582813263,0.647897481918335,0.15290376543998718,0.5779588222503662,0.19270833333333334,0.47833333333333333,271.33,306.97,272.93,330.31,279.42,355.79,288.56,382.57,302.02,402.57,317.81,418.61,334.88,432.35,355.03,435.52,376.82,429.24,395.76,412.37,411.76,393.35,423.20,370.66,427.87,342.90,429.98,316.82,427.24,293.35,407.02,297.97,392.81,297.77,375.58,302.94,361.60,308.12,283.85,307.94,296.21,305.57,313.33,307.88,327.64,310.87,295.58,323.90,309.89,319.02,326.25,324.27,310.21,328.68,311.00,322.43,398.82,315.64,383.01,313.16,367.91,321.14,384.60,322.84,383.59,316.65,345.26,321.75,330.19,360.80,326.46,370.90,332.31,377.49,348.53,383.26,365.98,375.08,371.18,367.30,365.09,358.11,345.91,349.70,334.85,377.47,361.52,375.09,322.22,395.65,331.88,392.98,342.06,392.50,349.93,393.58,357.79,391.36,369.29,390.22,381.88,391.20,374.09,400.34,364.48,406.98,351.60,409.91,339.27,408.87,330.17,403.59,336.68,397.68,350.77,398.71,365.60,395.52,365.50,395.42,350.57,398.62,336.41,397.47,346.75,375.64,301.54,320.50,319.24,319.82,318.51,327.09,302.12,327.39,391.79,313.20,373.92,315.52,376.07,322.65,392.55,320.22,
./P_45/1492719205697_12_-study-educational_advantages_of_social_networking_sites_writing_frames/1491424550465.png,1491424550465,0.1385345309972763,0.4911782145500183,0.22003823518753052,0.3469863831996918,0.2989583333333333,0.3016666666666667,271.41,308.28,272.85,331.74,279.35,356.97,288.27,383.16,301.56,402.85,317.41,418.74,334.42,432.60,354.70,435.92,376.59,429.76,395.73,413.10,411.66,394.00,422.95,371.05,427.41,342.94,429.09,316.88,426.23,293.72,405.51,298.96,391.47,298.68,374.38,303.63,360.59,308.60,283.63,308.30,295.33,306.04,312.21,308.17,326.28,311.05,294.82,324.44,308.65,319.39,324.98,324.78,309.14,329.30,309.64,322.98,396.99,316.52,381.10,313.89,366.53,321.96,382.83,323.77,381.60,317.54,344.34,322.41,329.97,360.95,326.10,371.16,331.96,377.85,348.43,383.55,365.68,375.49,370.94,367.53,364.55,358.19,345.44,350.13,334.75,377.75,361.32,375.38,321.56,396.10,331.66,394.05,341.75,393.80,349.42,394.88,357.19,392.66,368.28,391.46,380.90,391.74,373.00,400.34,363.33,406.56,350.72,409.34,338.46,408.33,329.41,403.46,335.88,397.53,349.91,398.44,364.49,395.47,364.61,396.56,350.07,399.84,335.98,398.59,346.65,375.86,300.49,320.91,317.96,320.25,317.34,327.68,301.18,327.92,389.90,313.98,372.23,316.33,374.40,323.49,390.73,321.14,
./P_45/1492719205697_12_-study-educational_advantages_of_social_networking_sites_writing_frames/1491424550560.png,1491424550560,0.2708926200866699,0.5546085834503174,0.2829071581363678,0.41522014141082764,0.34010416666666665,0.17666666666666667,271.89,309.72,273.21,333.18,279.68,357.98,288.38,383.42,301.44,402.78,317.22,418.65,334.24,432.68,354.49,436.10,376.38,430.19,395.86,413.69,411.69,394.40,422.84,371.27,427.14,343.09,428.50,317.27,425.59,294.56,404.26,299.72,390.09,299.51,373.25,304.23,359.61,308.96,283.76,308.28,295.16,306.23,311.68,308.24,325.53,311.03,294.59,324.32,307.97,319.24,324.28,324.72,308.55,329.12,308.80,322.83,395.36,316.92,379.44,314.22,365.27,322.28,381.25,324.00,379.87,317.85,343.69,322.68,329.99,361.31,326.31,371.38,332.09,377.99,348.40,383.65,365.18,375.77,370.45,367.86,364.16,358.55,345.12,350.35,334.89,377.90,361.07,375.61,321.50,396.36,331.31,393.92,341.47,393.63,349.03,394.73,356.80,392.50,367.79,391.48,380.00,392.24,372.21,400.79,362.60,407.00,350.22,409.67,338.04,408.60,329.15,403.69,335.45,397.81,349.41,398.80,363.80,395.90,363.99,396.43,349.70,399.57,335.64,398.40,346.59,375.99,299.99,320.75,317.25,320.13,316.64,327.58,300.75,327.72,388.23,314.34,370.74,316.66,372.99,323.73,389.09,321.46,
./P_45/1492719205697_12_-study-educational_advantages_of_social_networking_sites_writing_frames/1491424550748.png,1491424550748,0.324014276266098,0.3349173069000244,0.3350035548210144,0.389123797416687,0.4046875,0.08166666666666667,272.26,311.15,273.53,334.53,280.08,358.86,288.91,383.65,301.96,402.45,317.64,417.80,334.47,431.40,354.20,434.68,375.73,429.10,395.27,413.14,411.29,394.26,422.60,371.45,427.03,343.65,428.38,318.27,425.32,295.81,403.07,300.32,388.87,300.07,372.21,304.59,358.64,309.19,284.48,308.61,295.68,306.59,311.83,308.45,325.52,311.13,294.98,324.48,308.14,319.35,324.31,324.84,308.73,329.26,308.91,322.95,394.33,317.19,378.43,314.43,364.53,322.49,380.26,324.21,378.85,318.06,343.22,322.47,329.78,361.35,326.15,371.39,331.90,377.93,347.99,383.29,364.76,375.73,370.02,367.85,363.72,358.57,344.63,350.07,334.71,377.63,360.50,375.33,321.77,396.39,331.28,393.75,341.30,393.30,348.85,394.44,356.63,392.16,367.68,391.31,379.83,392.32,372.01,400.60,362.36,406.63,350.14,409.15,338.18,408.16,329.42,403.42,335.53,397.35,349.32,398.19,363.66,395.49,363.84,396.29,349.57,399.32,335.64,398.27,346.08,375.52,300.26,320.87,317.35,320.22,316.74,327.72,301.02,327.87,387.19,314.57,369.83,316.85,372.11,323.94,388.06,321.70,
./P_45/1492719205697_12_-study-educational_advantages_of_social_networking_sites_writing_frames/1491424550845.png,1491424550845,0.32258737087249756,0.3245457410812378,0.3253476023674011,0.38792338967323303,0.44895833333333335,0.1425,272.43,311.00,273.77,334.50,280.36,358.82,289.27,383.58,302.31,402.20,317.89,417.33,334.56,430.80,354.24,434.19,375.70,428.58,395.12,412.72,411.07,394.04,422.39,371.40,426.96,343.74,428.46,318.41,425.50,295.92,403.07,300.20,388.99,299.93,372.41,304.44,358.89,309.07,284.85,308.37,296.15,306.17,312.45,308.07,326.16,310.87,295.51,324.13,308.75,318.90,324.82,324.63,309.32,329.06,309.59,322.63,394.62,317.17,378.83,314.23,364.90,322.41,380.64,324.26,379.31,317.97,343.63,322.09,330.19,360.85,326.39,370.92,332.14,377.46,348.20,382.73,364.97,375.35,370.26,367.50,363.87,358.20,344.96,349.60,335.01,377.04,360.71,374.86,321.86,396.00,331.47,393.35,341.54,392.85,349.05,394.03,356.79,391.79,367.83,391.03,379.93,392.13,372.24,400.79,362.66,407.09,350.36,409.63,338.28,408.56,329.47,403.49,335.73,397.58,349.53,398.55,363.83,395.82,363.97,396.02,349.73,398.94,335.80,397.90,346.38,374.92,300.83,320.45,317.97,319.87,317.33,327.52,301.58,327.62,387.56,314.44,370.20,316.68,372.47,323.94,388.42,321.74,
./P_45/1492719205697_12_-study-educational_advantages_of_social_networking_sites_writing_frames/1491424551118.png,1491424551118,0.2597772479057312,0.2771635353565216,0.305173397064209,0.3088759779930115,0.3614583333333333,0.31666666666666665,271.82,308.89,272.83,332.35,279.27,357.10,288.50,382.68,301.92,401.64,317.63,416.89,334.36,430.09,353.68,433.29,374.74,427.59,393.84,411.54,409.97,392.99,421.62,370.67,426.66,343.36,428.61,317.90,425.53,295.06,403.32,298.69,389.68,298.69,373.35,303.25,359.96,307.94,285.85,307.25,297.49,305.27,313.67,307.27,327.31,310.09,296.70,323.13,310.24,318.11,325.95,323.78,310.63,328.16,311.12,321.74,395.24,315.99,379.84,313.17,365.77,321.30,381.55,323.16,380.45,316.83,344.42,321.24,330.29,360.35,326.40,370.44,332.22,377.02,348.10,382.52,364.89,374.90,370.16,367.14,363.91,357.86,345.35,349.17,334.95,376.86,360.59,374.73,322.12,395.18,331.73,392.84,341.63,392.45,349.15,393.67,356.77,391.44,367.71,390.51,379.79,391.28,372.14,400.09,362.73,406.55,350.50,409.20,338.64,408.13,329.79,402.87,336.10,397.01,349.70,398.02,363.88,395.16,363.94,395.56,349.74,398.54,336.08,397.37,346.41,374.82,302.26,319.58,319.29,319.07,318.57,326.62,302.87,326.71,388.39,313.33,371.20,315.59,373.41,322.87,389.22,320.57,
./P_45/1492719205697_12_-study-educational_advantages_of_social_networking_sites_writing_frames/1491424551215.png,1491424551215,0.21816131472587585,0.2989916205406189,0.2682354748249054,0.3710956573486328,0.4161458333333333,0.2966666666666667,271.50,308.27,272.48,331.70,278.84,356.47,287.90,382.03,301.24,401.14,316.96,416.47,333.90,429.61,353.33,432.68,374.46,427.10,393.72,411.22,409.97,392.71,421.69,370.34,426.68,343.03,428.59,317.51,425.43,294.58,403.10,297.89,389.37,298.09,373.18,302.79,359.85,307.51,285.68,306.67,297.41,304.83,313.47,306.95,327.06,309.76,296.51,322.43,310.12,317.26,325.91,323.07,310.50,327.42,311.04,320.96,395.12,315.14,379.67,312.19,365.50,320.50,381.39,322.31,380.31,315.94,344.19,320.58,329.94,359.65,326.25,369.71,332.05,376.28,347.77,381.62,364.51,374.14,369.73,366.41,363.70,357.14,345.05,348.34,334.72,375.98,360.17,373.84,321.95,394.74,331.34,392.03,341.27,391.45,348.89,392.65,356.59,390.40,367.64,389.62,379.60,390.80,371.84,399.16,362.42,405.25,350.24,407.80,338.46,406.85,329.66,401.97,335.80,395.89,349.44,396.70,363.74,394.00,363.81,394.61,349.48,397.53,335.75,396.47,346.06,373.86,302.07,318.78,319.24,318.24,318.49,325.89,302.70,326.00,388.29,312.38,370.94,314.66,373.20,322.05,389.09,319.72,
./P_45/1492719205697_12_-study-educational_advantages_of_social_networking_sites_writing_frames/1491424551397.png,1491424551397,0.13477620482444763,0.5329277515411377,0.164928138256073,0.5800668001174927,0.428125,0.3383333333333333,271.53,307.26,272.44,330.84,278.67,355.56,287.35,380.86,300.35,399.94,315.91,415.33,332.84,428.67,352.53,431.98,373.80,426.60,393.13,411.01,409.36,392.63,421.09,370.24,426.14,342.76,428.09,317.16,425.12,294.25,402.97,297.41,389.16,297.45,372.98,301.90,359.65,306.39,285.61,305.32,297.29,303.49,313.28,305.57,326.81,308.32,296.13,321.14,309.67,315.98,325.52,321.94,310.03,326.17,310.48,319.74,394.73,314.55,379.23,311.44,365.08,319.70,380.92,321.56,379.79,315.23,344.03,319.55,329.82,358.59,326.08,368.59,331.82,375.17,347.65,380.54,364.28,373.24,369.53,365.58,363.55,356.24,344.96,347.24,334.59,374.78,360.06,372.80,321.09,393.66,330.69,390.90,340.84,390.37,348.51,391.59,356.32,389.40,367.41,388.70,379.32,390.05,371.48,398.39,361.95,404.40,349.67,406.86,337.69,405.83,328.80,400.93,335.07,395.00,348.94,395.89,363.39,393.28,363.48,393.56,349.05,396.40,335.09,395.31,346.03,372.71,301.65,317.48,318.82,317.04,318.04,324.71,302.26,324.71,387.88,311.71,370.51,313.89,372.74,321.25,388.64,319.06,
./P_45/1492719205697_12_-study-educational_advantages_of_social_networking_sites_writing_frames/1491424551575.png,1491424551575,0.1584058403968811,0.6661559343338013,0.1864374727010727,0.4963851869106293,0.13125,-0.059166666666666666,271.11,306.86,272.06,330.42,277.90,355.30,286.40,379.77,299.52,399.00,315.41,413.84,332.86,426.48,353.40,429.58,374.84,423.84,393.51,409.19,409.44,391.88,421.13,369.95,425.99,343.10,427.40,317.13,424.09,293.50,401.43,293.89,387.75,295.00,371.91,302.04,359.64,308.57,286.32,302.98,297.93,302.22,313.89,306.62,326.71,311.12,295.84,320.22,309.34,313.11,325.48,321.15,309.96,325.91,310.48,318.46,394.31,312.31,378.56,307.58,364.49,318.25,380.49,320.36,378.95,313.04,343.79,318.38,330.07,352.35,325.73,362.48,331.67,369.24,347.63,373.62,364.21,366.84,369.41,358.96,362.75,349.67,344.84,342.74,334.97,368.29,359.45,366.06,320.46,388.16,330.81,385.20,341.20,384.04,348.61,385.04,356.05,382.86,367.41,382.42,380.00,383.62,372.02,391.65,362.44,397.16,349.89,399.69,337.58,399.00,328.46,394.89,334.96,389.36,349.14,389.46,363.90,387.17,363.91,387.39,349.24,390.37,335.00,389.60,345.97,365.26,300.91,315.19,318.97,314.84,318.23,324.16,301.93,324.32,387.70,308.20,369.47,310.96,371.98,319.96,388.40,317.49,
./P_45/1492719205697_12_-study-educational_advantages_of_social_networking_sites_writing_frames/1491424551665.png,1491424551665,0.12330089509487152,0.5888626575469971,0.15813863277435303,0.5956853628158569,0.34375,-0.16416666666666666,271.40,307.74,272.67,331.10,278.51,355.25,286.76,379.38,299.51,398.21,315.32,412.42,332.89,424.36,353.70,427.20,375.25,421.37,393.97,407.28,409.96,390.57,421.39,369.02,425.85,342.37,427.06,316.90,423.43,293.23,400.11,294.17,386.49,295.35,370.70,301.67,358.48,307.56,286.82,305.01,298.44,303.66,314.60,306.89,327.43,310.43,296.68,319.66,310.10,312.74,325.79,319.77,310.78,324.53,311.27,317.50,393.57,310.76,378.16,306.46,364.27,316.39,380.04,318.29,378.92,311.33,343.49,316.26,330.01,349.83,325.64,360.14,331.64,366.82,347.51,370.57,364.18,364.08,369.30,356.25,362.42,346.86,344.55,340.10,334.94,365.44,359.22,362.97,320.54,386.31,330.86,383.02,341.23,381.69,348.70,382.68,356.11,380.38,367.45,379.86,380.10,381.23,372.14,389.12,362.58,394.49,350.03,396.98,337.75,396.61,328.51,392.80,335.05,387.18,349.19,387.03,363.95,384.69,363.96,384.74,349.28,387.77,335.10,387.22,345.77,362.07,301.88,314.83,319.45,314.10,318.79,322.71,302.90,323.22,387.03,306.96,369.27,309.63,371.70,317.94,387.68,315.54,
./P_45/1492719205697_12_-study-educational_advantages_of_social_networking_sites_writing_frames/1491424551845.png,1491424551845,0.13536052405834198,0.6140698194503784,0.15247201919555664,0.564045786857605,0.15729166666666666,-0.185,272.03,308.43,273.47,331.66,279.45,355.14,287.81,379.33,300.43,397.48,315.82,410.91,332.78,422.06,353.12,424.70,374.50,418.58,393.06,404.42,409.06,387.91,420.27,366.71,424.52,340.50,425.66,315.79,421.91,292.43,399.06,295.44,385.83,296.58,369.98,302.05,357.76,307.24,288.20,307.74,299.73,306.02,315.85,307.94,328.64,310.47,298.21,319.06,311.36,312.55,326.38,318.46,312.09,323.13,312.34,316.55,392.04,309.10,377.09,305.47,363.82,314.63,378.99,316.11,378.18,309.54,343.42,314.68,330.06,348.14,325.80,358.58,331.83,365.13,347.40,368.63,363.83,362.09,368.79,354.35,361.80,344.97,344.39,338.58,334.85,363.82,358.89,361.10,321.26,384.73,331.22,381.42,341.27,380.22,348.64,381.26,355.91,378.81,366.93,377.98,379.32,379.10,371.70,387.33,362.39,392.98,350.03,395.58,338.05,395.43,328.91,391.44,335.41,386.01,349.12,385.84,363.53,383.17,363.53,382.67,349.15,385.86,335.46,385.35,345.57,360.50,303.47,314.59,320.26,313.49,319.70,321.26,304.47,322.09,385.57,305.75,368.58,308.43,371.00,315.89,386.27,313.47,
./P_45/1492719205697_12_-study-educational_advantages_of_social_networking_sites_writing_frames/1491424551940.png,1491424551940,0.12666267156600952,0.6555936336517334,0.1916063278913498,0.48606884479522705,0.34739583333333335,-0.020833333333333332,272.21,308.06,273.41,331.35,279.48,354.83,288.00,379.13,300.86,397.12,316.28,410.29,332.95,421.16,352.77,423.68,373.66,417.80,391.97,403.73,407.92,387.28,419.20,366.08,423.61,339.93,424.88,315.31,421.12,292.20,398.82,295.95,385.77,296.90,370.00,302.19,357.73,307.27,288.72,307.86,300.31,305.98,316.40,307.80,329.25,310.31,298.64,318.88,311.81,312.49,326.79,318.27,312.52,322.98,312.76,316.45,391.65,309.27,376.80,305.70,363.54,314.65,378.67,316.21,377.81,309.70,343.67,314.32,330.27,347.99,326.19,358.35,332.14,364.87,347.61,368.20,363.79,361.94,368.69,354.28,361.96,344.92,344.70,338.18,335.23,363.39,358.93,360.80,321.63,384.67,331.39,381.21,341.33,379.88,348.68,380.95,355.96,378.51,366.75,377.92,378.69,379.28,371.11,387.15,362.03,392.55,349.94,395.00,338.19,394.90,329.22,391.08,335.50,385.40,349.03,385.14,363.19,382.66,363.34,382.60,349.16,385.63,335.60,385.18,345.91,360.05,303.94,314.48,320.67,313.35,320.14,321.11,304.90,321.93,385.21,305.97,368.31,308.54,370.69,315.98,385.95,313.61,
./P_45/1492719205697_12_-study-educational_advantages_of_social_networking_sites_writing_frames/1491424552038.png,1491424552038,0.1579168289899826,0.6289692521095276,0.13711713254451752,0.5901129245758057,0.35625,0.12916666666666668,272.81,307.87,273.66,330.92,279.55,354.26,288.06,378.44,301.01,396.44,316.41,409.77,332.91,420.87,352.28,423.42,372.81,417.79,391.03,403.53,406.99,386.84,418.36,365.47,422.92,339.46,424.14,315.09,420.38,292.53,398.73,296.62,385.86,297.32,370.11,302.58,357.80,307.71,289.21,307.72,300.66,305.80,316.67,307.76,329.55,310.48,299.02,318.86,312.09,312.56,327.05,318.37,312.79,323.04,313.01,316.56,391.21,309.84,376.42,306.23,363.25,315.07,378.25,316.70,377.27,310.27,343.84,314.56,330.38,347.98,326.39,358.17,332.24,364.69,347.67,368.08,363.67,361.94,368.51,354.33,362.01,345.06,344.86,338.25,335.42,363.27,358.86,360.84,321.89,384.49,331.40,380.90,341.28,379.51,348.59,380.64,355.87,378.23,366.53,377.84,378.10,379.45,370.66,387.28,361.73,392.66,349.78,395.03,338.14,394.86,329.33,390.93,335.48,385.23,348.91,385.06,362.91,382.66,363.11,382.51,349.06,385.40,335.57,384.94,346.04,359.96,304.27,314.51,320.94,313.43,320.40,321.22,305.20,321.96,384.79,306.53,367.97,309.00,370.31,316.45,385.52,314.16,
./P_45/1492719205697_12_-study-educational_advantages_of_social_networking_sites_writing_frames/1491424552222.png,1491424552222,0.13889260590076447,0.59290611743927,0.17907604575157166,0.5069092512130737,0.2947916666666667,-0.3466666666666667,273.07,307.28,273.01,329.74,278.24,352.87,286.60,377.07,299.78,395.15,315.73,408.58,332.65,419.95,351.74,422.72,371.85,417.38,389.96,403.06,405.71,386.31,416.78,365.08,421.26,339.45,422.35,315.81,418.67,294.34,398.10,299.61,385.82,299.23,369.87,303.38,357.39,307.84,289.60,307.61,300.59,305.45,316.50,307.06,329.32,309.72,299.45,319.19,312.25,313.64,326.72,318.99,312.75,323.39,312.80,317.33,389.72,312.46,375.34,309.03,362.43,316.65,376.78,318.68,375.81,312.70,343.73,315.45,330.29,347.84,325.91,357.80,331.60,364.31,347.22,368.16,363.11,362.12,368.02,354.60,361.61,345.49,344.81,338.79,335.28,363.30,358.39,361.43,321.17,383.00,331.23,380.26,341.03,379.41,348.15,380.70,355.30,378.41,365.71,377.91,377.31,378.99,370.21,387.22,361.25,392.91,349.29,395.14,337.49,394.58,328.66,390.11,335.05,384.76,348.55,385.11,362.39,382.80,362.41,382.52,348.61,385.21,335.08,384.43,345.92,360.12,304.72,315.32,320.74,314.51,320.20,321.74,305.47,322.20,383.34,309.44,367.22,311.29,369.16,318.25,383.94,316.42,
./P_45/1492719205697_12_-study-educational_advantages_of_social_networking_sites_writing_frames/1491424552322.png,1491424552322,0.14415912330150604,0.6413478255271912,0.16110849380493164,0.5226459503173828,0.5041666666666667,0.3016666666666667,273.14,307.43,272.74,329.46,277.63,352.41,285.74,376.33,298.83,394.57,315.00,408.14,332.31,419.56,351.37,422.26,371.27,417.21,389.46,403.18,405.20,386.62,416.24,365.54,420.68,340.13,421.71,316.71,417.92,295.56,397.32,300.21,385.12,299.53,369.30,303.42,356.85,307.76,289.61,307.43,300.46,305.16,316.19,306.76,328.92,309.44,299.43,319.60,312.16,314.10,326.56,319.48,312.61,323.84,312.71,317.86,389.00,313.49,374.73,309.93,361.76,317.38,376.05,319.58,375.07,313.69,343.36,315.79,329.94,347.90,325.59,357.68,331.19,364.15,346.71,367.87,362.52,362.13,367.42,354.70,361.20,345.69,344.42,338.73,335.05,363.00,357.72,361.29,320.65,382.83,330.68,379.90,340.53,378.92,347.69,380.22,354.85,377.97,365.35,377.68,376.88,379.11,369.77,387.14,360.81,392.65,348.83,394.77,337.00,394.17,328.19,389.82,334.52,384.35,348.13,384.68,362.06,382.55,362.03,382.29,348.16,384.77,334.51,384.09,345.49,359.64,304.67,315.75,320.62,315.00,320.07,322.25,305.38,322.64,382.68,310.44,366.63,312.08,368.45,319.09,383.21,317.40,
./P_45/1492719205697_12_-study-educational_advantages_of_social_networking_sites_writing_frames/1491424552421.png,1491424552421,0.14126712083816528,0.5927761793136597,0.1529410481452942,0.5778523087501526,0.26875,0.21083333333333334,273.49,308.01,273.10,329.71,277.72,352.27,285.52,375.85,298.26,394.05,314.23,407.78,331.52,419.51,350.74,422.40,370.71,417.35,388.85,403.31,404.49,386.80,415.41,365.87,419.81,340.70,420.77,317.63,417.12,296.75,396.56,300.99,384.57,300.22,368.81,303.95,356.45,308.18,289.64,307.90,300.28,305.52,316.06,307.06,328.71,309.73,299.50,319.86,312.12,314.32,326.28,319.84,312.55,324.14,312.71,318.13,388.42,314.15,374.34,310.43,361.50,317.86,375.61,320.18,374.70,314.25,343.07,316.20,329.72,347.84,325.11,357.64,330.71,364.17,346.26,367.91,362.14,362.26,367.07,354.81,360.69,345.76,344.07,338.96,334.61,363.00,357.35,361.37,320.26,382.84,330.40,380.18,340.20,379.30,347.25,380.63,354.29,378.43,364.68,378.12,376.21,379.39,369.23,387.47,360.27,393.03,348.31,395.13,336.45,394.45,327.63,389.98,334.12,384.66,347.64,385.12,361.45,383.01,361.40,382.71,347.68,385.17,334.14,384.40,345.10,359.69,304.69,315.97,320.49,315.31,319.92,322.56,305.39,322.90,382.21,311.01,366.30,312.59,368.08,319.61,382.67,318.02,
./P_45/1492719205697_12_-study-educational_advantages_of_social_networking_sites_writing_frames/1491424552514.png,1491424552514,0.13710495829582214,0.5414905548095703,0.1957825869321823,0.4841561019420624,0.07083333333333333,0.08,273.91,308.72,273.54,330.20,278.01,352.48,285.55,375.64,298.03,393.70,313.78,407.39,331.04,418.96,350.11,421.77,369.96,416.99,388.17,403.11,403.77,386.68,414.60,365.90,419.02,341.26,420.05,318.52,416.52,297.96,396.21,300.59,384.31,299.93,368.93,303.81,356.70,308.11,289.82,307.44,300.66,304.95,316.36,306.72,328.96,309.58,299.74,319.83,312.46,314.23,326.62,319.90,312.85,324.12,313.21,318.12,388.59,314.45,374.69,310.56,361.68,318.05,375.90,320.38,375.05,314.46,343.29,316.26,329.75,347.74,325.29,357.34,330.80,363.83,346.17,367.42,361.91,362.06,366.79,354.75,360.69,345.80,344.16,338.63,334.71,362.43,357.16,360.95,320.23,382.71,330.09,379.48,339.99,378.32,347.07,379.66,354.14,377.53,364.57,377.57,375.70,379.56,368.70,387.28,359.86,392.54,348.03,394.51,336.30,393.85,327.56,389.56,333.91,384.10,347.38,384.49,361.14,382.56,361.16,382.14,347.43,384.35,333.90,383.71,345.12,359.05,304.96,315.89,320.86,315.26,320.24,322.59,305.65,322.89,382.55,311.20,366.58,312.71,368.35,319.81,382.95,318.28,
./P_45/1492719205697_12_-study-educational_advantages_of_social_networking_sites_writing_frames/1491424552723.png,1491424552723,0.20982328057289124,0.21102313697338104,0.24881866574287415,0.22404319047927856,0.278125,0.1725,274.22,309.10,273.85,330.80,278.27,353.09,285.64,376.46,298.00,394.42,313.54,407.98,330.60,419.28,349.72,422.17,369.26,417.30,386.70,403.53,401.72,387.41,412.29,367.12,416.94,342.91,418.42,320.30,415.45,299.53,397.01,301.36,385.58,300.48,370.26,304.20,358.12,308.41,290.93,307.80,302.08,305.19,317.91,306.94,330.51,309.84,300.64,319.82,313.49,314.22,327.45,320.05,313.81,324.19,314.13,318.16,389.16,314.82,375.60,310.77,362.60,318.28,376.73,320.69,375.88,314.71,344.63,316.42,330.97,347.89,326.31,357.57,331.87,364.14,347.29,367.66,362.53,362.52,367.38,355.30,361.42,346.21,345.60,338.81,335.79,362.50,358.17,361.23,320.99,383.31,330.96,380.09,340.79,378.93,347.72,380.28,354.61,378.23,364.53,378.39,375.01,380.44,368.24,387.94,359.81,393.05,348.36,394.99,336.87,394.32,328.15,390.05,334.60,384.63,347.78,385.07,360.97,383.17,361.15,382.91,347.94,385.00,334.72,384.30,346.62,359.30,305.95,315.85,321.82,315.32,321.13,322.67,306.59,322.93,383.34,311.47,367.51,312.93,369.23,320.06,383.69,318.61,
./P_45/1492719205697_12_-study-educational_advantages_of_social_networking_sites_writing_frames/1491424552831.png,1491424552831,0.24346153438091278,0.15927250683307648,0.3114957809448242,0.23524558544158936,0.44635416666666666,0.215,273.84,309.28,273.38,330.85,277.81,353.30,285.31,377.07,297.82,395.18,313.51,408.78,330.66,420.03,349.74,422.96,368.89,417.90,385.69,404.08,400.40,388.13,410.89,368.09,415.74,343.94,417.51,321.26,414.71,300.46,397.33,302.52,386.25,301.58,370.96,305.29,358.88,309.53,291.37,308.89,302.60,306.35,318.45,308.16,331.03,311.07,300.81,321.47,313.76,316.35,327.55,321.65,313.98,325.79,314.30,320.01,389.60,316.42,376.27,312.81,363.24,319.75,377.30,322.20,376.45,316.47,345.22,317.98,331.36,348.85,326.43,358.50,332.03,365.09,347.79,368.88,363.04,363.42,367.86,356.27,361.82,347.22,346.28,340.20,336.12,363.66,358.74,362.44,321.09,383.83,331.50,381.23,341.27,380.31,348.14,381.63,354.91,379.61,364.57,379.52,375.08,380.89,368.43,388.79,360.15,394.19,348.73,396.26,337.19,395.51,328.34,390.98,335.06,385.82,348.17,386.42,361.15,384.32,361.31,384.07,348.31,386.30,335.19,385.46,347.32,360.61,306.28,317.85,321.92,317.33,321.26,324.26,306.82,324.53,383.84,313.41,368.29,314.80,369.86,321.56,384.16,320.13,
./P_45/1492719205697_12_-study-educational_advantages_of_social_networking_sites_writing_frames/1491424552925.png,1491424552925,0.25034278631210327,0.18121305108070374,0.29069000482559204,0.2746542990207672,0.240625,-0.0425,272.75,309.22,273.10,330.95,277.68,353.67,285.22,377.90,297.70,396.15,313.00,409.95,329.92,421.56,349.59,424.75,369.09,419.06,385.07,404.73,399.27,388.88,409.68,369.22,414.56,345.18,416.74,322.29,414.62,300.82,398.06,303.51,386.91,303.45,371.51,308.12,359.53,312.98,290.53,310.84,302.33,308.95,318.55,311.57,331.16,314.94,300.38,322.22,313.81,316.59,327.59,322.99,313.89,327.01,314.39,320.61,390.53,316.57,377.14,312.52,363.88,320.67,378.26,322.94,377.50,316.56,345.40,320.07,331.32,351.13,326.24,360.90,331.94,367.60,347.65,371.78,362.95,365.77,367.75,358.56,361.63,349.47,346.33,343.07,335.54,366.52,359.03,365.17,321.06,385.73,331.59,383.56,341.37,382.94,348.23,384.22,354.88,382.21,364.58,381.66,375.21,382.53,368.74,390.82,360.52,396.56,348.93,398.86,337.28,398.06,328.28,393.26,335.26,388.46,348.35,389.14,361.36,386.79,361.41,386.22,348.36,388.84,335.30,387.70,347.27,364.23,305.97,318.19,322.19,317.95,321.27,325.46,306.51,325.61,384.91,313.14,368.85,314.95,370.67,322.35,385.21,320.60,
./P_45/1492719205697_12_-study-educational_advantages_of_social_networking_sites_writing_frames/1491424553019.png,1491424553019,0.21892160177230835,0.18741434812545776,0.28714534640312195,0.2680751383304596,0.24322916666666666,0.285,271.67,308.83,272.64,331.07,277.68,353.88,285.38,378.54,298.04,396.84,313.08,410.90,329.52,422.92,349.28,426.13,368.69,420.35,383.90,405.71,397.81,389.79,408.52,370.27,413.74,345.84,416.49,322.73,414.97,300.50,399.22,304.75,387.62,305.30,372.05,310.09,359.71,314.86,289.58,312.63,302.05,311.22,318.51,313.86,331.51,317.00,299.69,321.28,313.58,315.64,327.54,322.39,313.51,325.98,313.99,319.40,391.13,315.24,377.42,311.27,363.97,319.87,378.70,321.63,377.97,315.04,345.53,320.24,331.08,353.61,326.43,363.50,332.13,370.29,347.92,374.86,363.10,368.38,367.83,361.15,362.17,351.87,346.58,345.10,335.15,369.41,359.83,367.96,321.10,388.50,331.18,386.03,341.09,385.57,348.32,386.88,355.30,384.76,364.99,383.98,375.01,385.16,368.47,392.98,360.33,398.52,348.90,400.74,337.38,400.11,328.33,395.53,335.15,390.53,348.32,391.11,361.35,388.73,361.55,388.42,348.39,391.37,335.19,389.99,347.65,368.02,305.48,317.17,322.17,317.02,320.97,324.55,305.96,324.60,385.41,311.78,368.91,313.81,371.01,321.21,385.76,319.26,
./P_45/1492719205697_12_-study-educational_advantages_of_social_networking_sites_writing_frames/1491424553116.png,1491424553116,0.22365888953208923,0.17620503902435303,0.3020620048046112,0.24844759702682495,0.29635416666666664,0.37666666666666665,271.29,308.11,272.45,330.85,277.97,353.77,285.82,378.82,298.57,397.38,313.44,411.98,329.41,424.46,348.88,427.65,367.87,422.17,382.57,407.38,396.33,391.02,407.36,371.13,412.98,345.95,416.25,322.53,415.06,299.91,400.22,305.67,388.14,306.69,372.70,311.20,360.01,315.48,288.93,313.35,301.87,312.45,318.15,314.87,331.45,317.52,298.81,320.12,312.94,315.40,327.12,321.17,312.71,324.10,313.08,318.18,391.65,314.20,377.70,311.13,364.04,318.73,379.01,319.82,378.28,313.91,345.64,319.92,330.64,354.83,326.77,364.65,332.31,371.37,348.28,376.54,363.33,369.51,367.90,362.43,363.08,353.07,346.87,345.87,334.97,370.76,360.63,369.32,321.34,390.21,330.57,386.96,340.66,386.51,348.38,387.82,355.89,385.67,365.57,384.93,374.54,387.01,367.89,394.31,359.89,399.49,348.79,401.53,337.52,401.01,328.57,396.72,335.02,391.57,348.25,392.23,361.25,389.81,361.65,389.02,348.40,392.10,334.99,390.58,348.11,370.07,304.84,316.62,321.50,316.39,320.16,322.93,305.20,322.93,385.71,311.35,369.21,313.28,371.37,319.62,386.07,317.71,
./P_45/1492719205697_12_-study-educational_advantages_of_social_networking_sites_writing_frames/1491424553305.png,1491424553305,0.21338814496994019,0.27975159883499146,0.2563720643520355,0.32300591468811035,0.33645833333333336,0.1925,271.69,306.02,273.46,329.63,279.68,353.19,287.46,378.40,299.89,397.23,314.21,412.42,329.51,425.77,349.25,429.67,367.99,424.22,381.67,409.76,394.63,393.30,405.75,373.07,411.87,346.50,415.84,322.01,415.52,298.62,401.65,305.78,389.08,307.43,373.85,312.60,361.25,317.13,288.22,312.20,301.30,312.17,317.44,315.56,330.64,318.72,297.55,319.13,311.77,314.77,326.42,320.81,311.42,323.37,311.71,317.46,392.83,314.17,378.50,311.27,364.58,318.84,379.90,319.81,378.89,313.94,346.12,320.85,331.39,355.57,327.96,365.31,333.31,372.04,349.36,377.81,363.87,370.46,368.40,363.47,364.17,353.94,347.79,346.97,335.73,371.54,362.01,370.31,322.36,391.68,331.13,388.21,341.19,387.79,348.97,389.03,356.60,387.02,365.87,386.51,373.78,389.06,367.36,396.35,359.72,401.44,349.07,403.39,337.95,402.65,329.30,398.28,335.61,393.42,348.62,394.44,361.09,392.01,361.69,390.18,348.94,393.24,335.62,391.57,349.39,371.67,303.53,315.78,320.58,315.90,319.07,322.37,303.83,322.06,386.78,311.42,369.87,313.42,372.11,319.58,387.12,317.74,
./P_45/1492719205697_12_-study-educational_advantages_of_social_networking_sites_writing_frames/1491424553399.png,1491424553399,0.2613389194011688,0.25212547183036804,0.2880668044090271,0.3681371212005615,0.29739583333333336,0.18083333333333335,271.86,305.20,273.59,328.84,279.92,352.68,287.69,377.99,300.11,397.06,314.52,412.51,330.06,425.97,349.91,429.90,368.49,424.49,381.91,410.22,394.59,393.82,405.66,373.68,411.91,346.93,416.15,322.11,416.03,298.51,402.17,305.15,389.50,307.24,374.61,312.83,362.27,317.53,288.94,310.96,302.09,311.67,317.78,315.66,330.69,319.06,297.58,319.33,311.78,315.15,326.56,321.30,311.34,323.81,311.62,317.88,393.60,314.62,379.23,311.83,365.21,319.39,380.63,320.41,379.46,314.54,346.73,321.74,332.04,356.38,328.71,366.04,334.03,372.74,350.08,378.71,364.38,371.21,368.90,364.28,364.88,354.80,348.54,347.85,336.43,372.31,362.73,371.15,323.17,392.31,331.90,388.95,341.88,388.53,349.62,389.71,357.19,387.76,366.31,387.29,374.01,389.77,367.58,396.80,360.07,401.70,349.68,403.61,338.74,402.83,330.18,398.65,336.41,393.72,349.26,394.74,361.49,392.38,362.11,390.92,349.60,393.96,336.41,392.27,350.21,372.63,303.51,316.07,320.64,316.36,319.06,322.86,303.77,322.40,387.57,311.94,370.57,313.98,372.80,320.17,387.89,318.29,
./P_45/1492719205697_12_-study-educational_advantages_of_social_networking_sites_writing_frames/1491424553492.png,1491424553492,0.24369801580905914,0.23216238617897034,0.26490700244903564,0.41637444496154785,0.3578125,0.2608333333333333,272.00,304.62,273.62,328.14,279.84,352.11,287.72,377.59,300.23,396.98,314.76,412.81,330.55,426.64,350.49,430.73,369.07,425.23,382.41,410.65,394.98,393.99,405.99,373.75,412.37,347.06,416.72,322.27,416.73,298.80,402.53,305.30,389.93,307.81,375.29,313.74,363.16,318.58,289.93,310.30,303.11,311.69,318.46,316.27,331.10,319.96,298.04,319.64,312.26,315.63,326.97,321.95,311.69,324.40,312.01,318.41,394.34,315.42,380.03,312.65,366.00,320.20,381.39,321.32,380.13,315.40,347.39,322.76,332.53,356.93,329.05,366.56,334.36,373.31,350.53,379.57,364.97,371.90,369.50,364.95,365.49,355.48,349.15,348.80,336.79,373.04,363.34,371.99,323.92,393.04,332.60,389.88,342.53,389.50,350.24,390.70,357.78,388.80,366.91,388.36,374.54,390.73,368.30,398.06,360.80,403.18,350.39,405.11,339.44,404.19,330.91,399.74,337.24,394.99,350.01,396.20,362.16,393.80,362.69,391.96,350.24,394.99,337.12,393.19,350.73,373.52,303.94,316.45,321.13,316.96,319.44,323.48,304.17,322.87,388.37,312.76,371.34,314.80,373.57,321.05,388.64,319.16,
./P_45/1492719205697_12_-study-educational_advantages_of_social_networking_sites_writing_frames/1491424553672.png,1491424553672,0.3208681344985962,0.21851709485054016,0.35691115260124207,0.2013932466506958,0.09791666666666667,0.3525,272.44,303.83,273.49,327.21,279.35,351.24,287.46,377.00,300.40,396.54,315.31,412.28,331.31,425.86,350.99,429.68,369.58,424.23,383.15,409.49,396.07,392.92,407.25,372.91,413.70,346.84,418.01,322.41,417.77,298.94,402.93,304.91,390.42,307.17,375.59,312.88,363.38,317.63,291.56,309.12,304.72,310.75,319.82,315.31,332.38,318.99,299.36,318.48,313.54,314.33,328.06,320.87,312.88,323.31,313.16,317.22,394.55,314.50,380.27,311.48,366.37,319.16,381.55,320.35,380.31,314.35,347.97,321.37,332.73,355.74,329.03,365.49,334.37,372.28,350.52,378.47,365.28,370.93,369.89,363.91,365.70,354.44,349.41,347.58,336.86,372.05,363.30,371.06,324.15,391.76,332.89,388.72,342.78,388.37,350.56,389.65,358.15,387.70,367.59,387.22,375.69,389.46,369.33,396.79,361.58,401.95,350.93,403.83,339.95,402.94,331.33,398.48,337.70,393.70,350.60,394.82,363.07,392.51,363.41,390.95,350.64,393.99,337.44,392.12,350.62,372.31,305.24,315.18,322.34,315.74,320.61,322.38,305.44,321.75,388.56,311.68,371.61,313.62,373.81,320.08,388.82,318.21,
./P_45/1492719205697_12_-study-educational_advantages_of_social_networking_sites_writing_frames/1491424553859.png,1491424553859,0.3658856749534607,0.2853246331214905,0.33582445979118347,0.43534207344055176,0.07291666666666667,0.13916666666666666,272.58,303.31,273.32,326.62,278.96,350.62,287.17,376.09,300.12,395.41,314.99,410.87,330.99,424.13,350.54,427.76,369.45,422.21,383.84,407.43,397.44,390.90,408.93,370.83,415.34,345.03,419.10,320.51,418.07,296.97,401.20,301.40,388.83,303.93,374.27,309.89,362.41,314.86,292.31,307.03,305.11,308.61,319.92,313.05,332.17,316.67,300.02,317.22,313.93,312.38,328.24,319.41,313.44,322.21,313.77,315.80,393.36,312.16,379.16,308.72,365.64,317.28,380.62,318.49,379.46,312.14,347.27,319.29,332.28,353.61,328.30,363.45,333.78,370.23,349.74,376.11,364.73,368.61,369.42,361.50,364.61,352.05,348.47,345.34,336.31,370.07,362.22,368.77,323.08,389.20,332.22,386.50,342.17,386.17,349.85,387.41,357.37,385.38,367.10,384.68,376.13,386.34,369.45,394.00,361.36,399.41,350.33,401.50,339.14,400.70,330.32,396.11,336.83,391.57,349.93,392.46,362.84,390.05,363.10,388.57,349.97,391.75,336.70,389.97,349.53,369.72,305.70,313.50,322.67,313.92,321.06,321.14,306.03,320.63,387.46,308.99,370.59,311.24,372.91,318.26,387.80,316.14,
./P_45/1492719205697_12_-study-educational_advantages_of_social_networking_sites_writing_frames/1491424554112.png,1491424554112,0.38035672903060913,0.2500284016132355,0.3818151652812958,0.36029762029647827,0.3182291666666667,0.2,272.93,303.25,273.53,326.25,278.99,350.20,287.25,375.37,300.10,394.69,314.94,410.30,330.96,423.87,350.50,427.60,369.63,421.93,384.63,406.74,398.55,389.81,410.09,369.36,416.44,343.54,419.73,318.94,418.20,295.84,400.01,299.48,387.75,302.38,373.46,308.90,361.93,314.27,292.49,305.83,305.06,307.39,319.87,312.19,331.90,316.15,300.13,317.65,313.86,312.60,328.12,319.81,313.51,322.92,314.00,316.35,393.05,312.26,378.94,308.73,365.55,317.60,380.51,319.01,379.35,312.48,346.93,319.45,332.22,353.01,327.94,362.79,333.48,369.55,349.49,375.45,364.69,367.85,369.44,360.70,364.15,351.35,348.07,345.03,336.18,369.59,361.87,368.19,322.58,388.07,332.09,385.76,342.07,385.44,349.54,386.64,356.86,384.64,366.63,383.89,376.16,385.08,369.45,393.39,361.26,399.28,350.01,401.60,338.61,400.65,329.73,395.61,336.46,391.34,349.56,392.36,362.51,389.76,362.78,387.97,349.65,391.18,336.42,389.42,349.15,368.90,305.69,313.81,322.58,314.22,321.09,321.75,306.10,321.25,387.22,309.01,370.42,311.42,372.77,318.73,387.61,316.51,
./P_45/1492719205697_12_-study-educational_advantages_of_social_networking_sites_writing_frames/1491424554294.png,1491424554294,0.26807287335395813,0.3938756585121155,0.28513258695602417,0.39127200841903687,0.3020833333333333,0.13333333333333333,272.88,303.02,273.24,325.32,278.43,349.36,286.70,374.34,299.56,393.73,314.57,409.23,331.00,422.76,350.65,426.33,370.54,420.33,387.05,404.55,401.83,387.14,413.43,366.04,419.29,340.28,421.59,315.51,419.20,293.11,398.75,296.59,386.62,299.62,372.34,307.13,361.22,313.37,292.50,304.58,304.49,305.94,319.28,311.24,331.02,315.75,300.05,319.46,313.48,313.35,328.01,321.43,313.52,325.61,314.16,318.23,392.53,312.66,378.22,308.47,365.03,318.74,380.08,320.73,378.70,313.40,346.10,320.11,331.81,352.62,327.17,362.43,332.88,369.24,348.80,374.51,364.40,367.16,369.25,359.75,363.08,350.59,347.03,344.80,335.86,369.13,360.70,367.33,322.03,387.50,332.10,385.85,341.93,385.29,348.98,386.41,355.95,384.35,365.89,383.62,376.66,383.75,369.77,392.43,361.33,398.57,349.63,401.19,337.99,400.31,329.11,395.21,335.96,390.70,349.06,391.35,362.28,388.71,362.53,388.16,349.21,391.36,336.10,389.91,347.98,367.55,305.26,314.96,322.44,315.20,321.27,324.06,305.93,323.73,386.71,308.86,369.56,311.74,372.08,320.34,387.30,317.76,
./P_45/1492719205697_12_-study-educational_advantages_of_social_networking_sites_writing_frames/1491424554395.png,1491424554395,0.2135370671749115,0.49913227558135986,0.235214501619339,0.4492378234863281,0.3541666666666667,0.49583333333333335,272.78,302.37,272.82,324.45,278.19,348.57,286.92,374.08,299.93,393.70,315.17,409.90,331.70,424.13,350.86,427.85,370.57,421.78,387.70,405.31,403.00,387.00,414.86,365.36,420.90,338.75,423.09,313.82,420.09,291.74,398.44,296.33,386.40,299.21,372.11,305.59,360.74,310.97,291.97,304.52,303.46,305.67,318.06,309.78,329.91,313.40,300.04,319.85,313.11,315.26,327.18,321.38,313.10,325.37,313.64,318.89,392.07,312.94,378.05,310.29,365.20,318.63,379.84,320.39,378.72,313.95,345.50,320.42,331.24,354.37,326.62,364.18,332.36,370.90,348.33,377.17,364.26,368.79,369.20,361.36,362.85,352.24,346.36,346.50,335.17,371.84,360.54,369.90,322.45,388.17,332.47,387.54,341.83,387.70,348.74,388.88,355.60,386.76,365.27,385.34,376.32,384.44,369.58,394.17,361.11,401.25,349.57,404.15,338.16,402.95,329.39,396.93,336.32,392.69,348.95,394.04,361.82,390.77,361.94,389.92,349.02,393.40,336.42,391.64,347.30,370.52,305.40,316.45,321.48,316.53,320.48,323.92,305.89,323.61,386.07,310.29,369.95,312.95,372.21,320.10,386.73,317.57,
./P_45/1492719205697_12_-study-educational_advantages_of_social_networking_sites_writing_frames/1491424554490.png,1491424554490,0.19587938487529755,0.7123720049858093,0.18406417965888977,0.6677060127258301,0.4010416666666667,0.5633333333333334,272.06,302.86,271.73,324.96,277.27,349.50,286.50,375.50,299.97,395.40,315.61,411.80,332.36,425.95,350.87,429.36,370.27,423.54,387.95,407.00,403.84,388.34,416.09,366.30,422.18,339.19,424.30,313.90,420.61,291.76,398.53,296.37,386.40,298.24,371.71,303.78,359.80,308.84,290.30,304.85,301.45,305.03,316.14,308.23,328.42,311.41,299.37,321.02,312.41,316.74,326.63,322.17,312.45,326.36,313.04,320.15,391.63,313.85,377.51,311.58,364.46,319.32,379.19,321.20,378.16,315.04,344.44,320.63,330.11,356.38,325.86,366.19,331.60,372.84,347.25,379.03,363.35,370.67,368.32,363.18,362.18,354.12,345.14,347.45,334.37,373.78,359.29,371.74,322.49,390.26,332.05,389.46,341.12,389.47,348.12,390.68,355.07,388.49,364.86,387.16,376.08,386.43,369.25,396.04,360.73,403.14,349.26,406.04,338.08,404.84,329.53,398.85,336.08,394.04,348.57,395.38,361.53,392.10,361.55,391.92,348.51,395.23,336.05,393.68,345.96,372.07,304.81,317.91,320.70,317.74,319.87,324.88,305.21,324.72,385.44,311.52,369.45,313.98,371.54,320.93,386.18,318.44,
./P_45/1492719205697_12_-study-educational_advantages_of_social_networking_sites_writing_frames/1491424554584.png,1491424554584,0.17582881450653076,0.694236695766449,0.20547059178352356,0.606050968170166,0.32708333333333334,0.385,270.86,303.76,270.77,326.18,276.73,350.98,286.08,377.05,299.69,396.91,315.53,413.07,332.48,426.85,350.95,429.98,370.46,424.37,388.61,408.24,404.76,389.72,417.12,367.48,423.04,339.87,425.16,314.13,421.29,291.57,398.77,296.43,386.20,297.67,371.25,302.72,358.89,307.57,288.12,305.55,299.22,304.97,314.04,307.51,326.72,310.29,297.92,321.82,311.08,317.25,325.80,322.73,311.26,327.13,311.84,320.82,391.39,314.16,376.85,311.78,363.46,319.76,378.60,321.67,377.53,315.41,343.33,320.66,329.17,358.23,325.47,368.06,331.18,374.65,346.61,380.38,362.67,372.36,367.64,364.84,361.80,355.74,344.17,348.04,333.88,375.08,358.49,372.90,321.94,392.81,331.13,391.33,340.31,390.97,347.58,392.15,354.81,389.88,364.87,388.81,376.09,388.72,368.98,397.75,360.34,404.42,348.81,407.21,337.61,406.20,329.12,400.72,335.29,395.20,348.05,396.21,361.35,393.14,361.43,393.59,348.04,396.71,335.28,395.51,345.12,373.13,303.38,318.54,319.63,318.18,318.88,325.61,303.82,325.56,385.00,311.75,368.58,314.22,370.74,321.44,385.83,318.89,
./P_45/1492719205697_12_-study-educational_advantages_of_social_networking_sites_writing_frames/1491424554680.png,1491424554680,0.14138907194137573,0.6418510675430298,0.1721905767917633,0.6514601707458496,0.3536458333333333,0.30333333333333334,270.25,305.41,270.61,328.02,276.80,352.74,285.95,378.52,299.31,398.18,315.02,414.24,331.98,428.04,350.77,431.13,370.92,425.59,389.70,409.37,405.98,390.53,418.09,367.86,423.50,339.99,425.32,314.20,421.55,291.77,399.10,296.79,385.99,297.62,370.64,302.51,357.89,307.24,285.83,306.32,296.97,305.15,312.14,307.33,325.17,309.93,296.04,322.68,309.25,317.92,324.52,323.31,309.60,327.83,310.13,321.52,391.43,314.70,376.45,312.29,362.80,320.36,378.28,322.19,377.11,315.96,342.26,321.06,328.25,359.57,324.82,369.39,330.52,375.92,346.03,381.46,362.27,373.57,367.26,365.98,361.46,356.87,343.23,348.68,333.16,376.07,358.02,373.75,321.05,394.39,330.14,392.37,339.56,391.85,346.99,392.98,354.47,390.69,364.88,389.76,376.29,390.15,368.91,398.78,360.00,405.14,348.26,407.86,336.87,406.94,328.34,401.82,334.36,395.92,347.44,396.77,361.14,393.81,361.29,394.59,347.52,397.64,334.40,396.62,344.33,374.03,301.47,319.31,318.04,318.76,317.38,326.28,302.00,326.35,384.81,312.27,368.02,314.76,370.25,321.99,385.70,319.45,
./P_45/1492719205697_12_-study-educational_advantages_of_social_networking_sites_writing_frames/1491424554775.png,1491424554775,0.16063231229782104,0.7401402592658997,0.16766273975372314,0.6716421842575073,0.3776041666666667,0.30916666666666665,269.60,307.19,270.49,330.09,276.93,354.63,285.88,380.02,298.99,399.39,314.58,415.22,331.48,428.97,350.70,432.08,371.52,426.54,390.76,410.32,407.05,391.29,418.86,368.33,423.80,340.34,425.39,314.63,421.90,292.25,399.53,297.33,385.91,297.87,370.13,302.70,357.03,307.38,283.83,307.03,295.06,305.44,310.59,307.43,323.93,309.94,294.13,323.22,307.40,318.22,323.20,323.62,307.89,328.23,308.34,321.87,391.63,315.06,376.19,312.54,362.33,320.75,378.10,322.48,376.80,316.24,341.39,321.20,327.48,360.29,324.15,370.20,329.87,376.75,345.65,382.06,362.18,374.34,367.22,366.62,361.32,357.42,342.53,348.93,332.52,376.51,357.88,374.09,320.18,395.67,329.30,393.23,338.99,392.56,346.57,393.66,354.29,391.35,365.00,390.55,376.60,391.32,368.94,399.48,359.73,405.44,347.80,408.04,336.21,407.22,327.60,402.55,333.55,396.32,346.94,396.97,360.99,394.19,361.26,395.44,347.17,398.48,333.67,397.56,343.82,374.43,299.51,319.71,316.46,319.02,315.85,326.63,300.17,326.80,384.79,312.54,367.60,315.04,369.92,322.30,385.71,319.78,
./P_45/1492719205697_12_-study-educational_advantages_of_social_networking_sites_writing_frames/1491424554875.png,1491424554875,0.1254691779613495,0.7746728658676147,0.1813609004020691,0.6321846842765808,0.3380208333333333,0.28583333333333333,269.58,308.89,271.05,332.05,277.72,356.41,286.44,381.42,299.15,400.38,314.39,415.96,331.03,429.87,350.74,433.31,372.24,427.59,391.84,411.31,408.02,392.23,419.51,369.16,424.16,341.02,425.64,315.36,422.65,293.06,400.38,298.40,386.33,298.55,370.02,303.40,356.67,308.14,282.43,307.88,293.64,305.88,309.66,307.82,323.24,310.46,292.81,324.23,306.04,319.03,322.25,324.62,306.69,329.36,307.03,322.83,392.13,316.21,376.31,313.52,362.38,321.93,378.30,323.75,376.86,317.37,341.01,322.08,327.39,361.19,323.86,371.18,329.62,377.74,345.64,382.99,362.36,375.38,367.52,367.57,361.26,358.31,342.29,349.80,332.29,377.32,358.07,374.89,319.59,396.75,328.96,394.24,338.88,393.62,346.38,394.71,354.12,392.44,365.00,391.67,376.90,392.48,369.25,401.08,359.82,407.34,347.60,410.02,335.64,409.06,326.94,404.08,333.13,397.97,346.72,398.80,360.92,395.93,361.22,396.62,347.02,399.62,333.31,398.71,343.71,375.31,298.11,320.59,315.32,319.89,314.76,327.70,298.88,327.88,385.10,313.58,367.62,316.13,370.01,323.50,386.06,321.03,
./P_45/1492719205697_12_-study-educational_advantages_of_social_networking_sites_writing_frames/1491424554965.png,1491424554965,0.12667438387870789,0.6152397394180298,0.20909319818019867,0.5090700387954712,0.2864583333333333,0.25666666666666665,268.90,310.18,270.64,333.56,277.55,357.93,286.33,382.92,299.10,401.67,314.44,416.92,331.15,430.51,351.01,433.88,372.76,428.11,392.55,412.00,408.80,393.07,420.22,370.06,424.70,341.90,426.22,316.22,423.38,293.73,401.10,299.29,386.77,299.29,370.17,304.04,356.59,308.75,281.49,308.92,292.81,306.81,308.97,308.58,322.74,311.11,291.99,325.05,305.30,319.87,321.74,325.28,305.99,330.02,306.22,323.53,392.50,316.77,376.45,314.20,362.40,322.53,378.44,324.23,376.97,317.90,340.77,322.71,327.16,362.16,323.68,372.20,329.47,378.73,345.64,383.99,362.49,376.31,367.69,368.44,361.38,359.17,342.15,350.62,332.13,378.30,358.17,375.78,319.28,397.61,328.78,395.03,338.82,394.47,346.40,395.57,354.24,393.24,365.29,392.36,377.43,393.15,369.60,401.67,359.99,407.84,347.66,410.50,335.61,409.60,326.82,404.78,332.99,398.54,346.76,399.28,361.17,396.43,361.47,397.34,347.08,400.43,333.18,399.52,343.63,376.32,297.33,321.44,314.67,320.66,314.12,328.35,298.13,328.60,385.32,314.22,367.69,316.78,370.10,324.01,386.29,321.54,
./P_45/1492719205697_12_-study-educational_advantages_of_social_networking_sites_writing_frames/1491424555059.png,1491424555059,0.14381569623947144,0.3273092210292816,0.22450509667396545,0.4158894121646881,0.3359375,0.1575,268.75,311.19,270.67,334.72,277.66,359.12,286.50,384.02,299.33,402.62,314.73,417.65,331.45,431.04,351.44,434.37,373.34,428.53,393.13,412.56,409.29,393.81,420.61,370.97,424.99,342.94,426.52,317.28,423.81,294.60,401.53,299.80,387.07,299.69,370.28,304.51,356.62,309.33,281.03,309.35,292.40,307.19,308.71,309.03,322.55,311.68,291.67,325.43,305.01,320.07,321.57,325.70,305.73,330.42,305.93,323.83,392.74,317.14,376.56,314.42,362.46,322.95,378.56,324.63,377.05,318.21,340.72,323.14,327.21,362.61,323.68,372.68,329.51,379.21,345.66,384.45,362.54,376.78,367.79,368.87,361.40,359.60,342.13,351.07,332.15,378.76,358.23,376.23,319.22,397.92,328.79,395.27,338.90,394.75,346.48,395.84,354.31,393.51,365.48,392.57,377.79,393.40,369.91,401.93,360.21,408.10,347.80,410.76,335.69,409.87,326.86,405.08,333.04,398.84,346.90,399.55,361.40,396.72,361.66,397.60,347.20,400.70,333.20,399.79,343.63,376.78,296.99,321.70,314.46,320.94,313.90,328.75,297.83,329.00,385.51,314.49,367.75,317.06,370.19,324.41,386.48,321.94,
./P_45/1492719205697_12_-study-educational_advantages_of_social_networking_sites_writing_frames/1491424555152.png,1491424555152,0.18962028622627258,0.37332990765571594,0.2041228711605072,0.32281309366226196,0.32395833333333335,0.1825,268.99,312.07,270.93,335.57,277.90,359.86,286.78,384.65,299.70,403.27,315.21,418.39,331.99,431.83,352.02,435.08,373.86,429.17,393.53,413.19,409.63,394.46,420.99,371.72,425.39,343.74,426.86,318.11,424.05,295.24,401.78,299.86,387.24,299.65,370.30,304.47,356.56,309.39,281.02,309.83,292.39,307.53,308.84,309.24,322.80,311.85,291.80,325.48,305.13,320.04,321.66,325.61,305.88,330.28,306.05,323.74,392.85,316.87,376.65,314.14,362.58,322.70,378.65,324.28,377.18,317.89,340.81,322.95,327.41,362.51,323.85,372.64,329.72,379.19,345.95,384.37,362.83,376.64,368.09,368.69,361.61,359.39,342.32,350.91,332.37,378.76,358.52,376.14,319.36,397.94,328.90,395.11,339.09,394.54,346.69,395.61,354.52,393.24,365.72,392.26,378.04,393.21,370.16,401.87,360.47,408.18,348.05,410.90,335.90,410.04,326.99,405.19,333.21,399.01,347.13,399.71,361.63,396.77,361.89,397.33,347.42,400.51,333.37,399.63,343.89,376.68,297.13,321.71,314.56,320.87,314.00,328.61,297.99,328.94,385.59,314.21,367.86,316.80,370.31,324.09,386.56,321.61,
./P_45/1492719205697_12_-study-educational_advantages_of_social_networking_sites_writing_frames/1491424555335.png,1491424555335,0.4765854477882385,0.3424372971057892,0.4160985052585602,0.3454184830188751,0.31145833333333334,0.27666666666666667,269.51,312.27,271.25,335.73,278.05,360.38,287.28,385.55,300.50,404.45,316.15,419.81,332.99,433.36,352.93,436.66,374.72,430.49,394.16,414.10,410.10,395.11,421.31,372.32,425.64,344.52,427.00,318.85,423.84,295.93,401.18,300.12,387.06,300.11,370.37,305.03,356.88,310.03,281.55,309.99,292.78,307.83,309.14,309.75,322.89,312.55,292.78,326.04,306.08,320.65,322.22,326.34,306.72,330.93,307.07,324.41,392.90,317.67,377.03,314.88,363.04,323.42,378.94,325.08,377.67,318.69,341.02,323.92,327.62,362.71,323.82,372.91,329.70,379.46,345.74,384.93,362.76,376.95,368.04,368.95,361.39,359.70,342.29,351.68,332.34,379.36,358.36,376.79,319.93,397.86,329.54,395.51,339.49,395.13,346.99,396.21,354.64,393.90,365.83,392.72,378.41,393.24,370.81,402.39,361.14,409.10,348.65,411.97,336.51,410.93,327.60,405.69,333.94,399.94,347.72,400.92,362.15,397.80,362.12,397.77,347.75,401.01,333.90,399.96,343.68,377.27,298.11,322.29,315.33,321.60,314.74,329.28,298.93,329.54,385.81,314.98,368.35,317.53,370.72,324.86,386.72,322.38,
./P_45/1492719205697_12_-study-educational_advantages_of_social_networking_sites_writing_frames/1491424555519.png,1491424555519,0.5429251194000244,0.32324159145355225,0.4987671673297882,0.35090360045433044,0.31927083333333334,0.18,269.08,311.89,270.47,335.45,277.25,360.43,286.86,386.06,300.64,405.35,316.74,420.98,333.83,434.58,353.57,437.63,374.97,431.50,394.03,414.84,409.79,395.56,421.01,372.56,425.37,344.62,426.69,318.78,423.11,295.72,400.59,300.19,386.60,300.31,370.08,305.19,356.59,310.12,281.65,310.10,293.11,308.00,309.45,309.91,323.24,312.63,293.06,325.80,306.51,320.50,322.54,326.08,307.05,330.56,307.45,324.17,392.55,317.46,376.82,314.76,362.72,323.15,378.66,324.74,377.46,318.48,341.04,323.64,327.62,362.79,324.02,372.99,329.87,379.50,345.84,384.94,362.72,376.96,367.92,369.00,361.57,359.76,342.42,351.51,332.56,379.40,358.40,376.87,320.23,398.20,329.57,395.49,339.55,394.92,347.22,395.99,354.97,393.65,366.16,392.60,378.42,393.53,370.91,402.56,361.40,409.24,348.98,412.07,336.91,411.09,328.01,405.92,334.18,400.09,348.03,401.04,362.45,397.92,362.37,397.62,347.98,400.82,334.03,399.84,343.89,377.22,298.50,322.11,315.70,321.40,315.07,328.96,299.25,329.23,385.51,314.84,368.13,317.31,370.45,324.57,386.42,322.09,
./P_45/1492719205697_12_-study-educational_advantages_of_social_networking_sites_writing_frames/1491424555610.png,1491424555610,0.5388004183769226,0.24639543890953064,0.504400372505188,0.39392077922821045,0.3390625,0.2841666666666667,268.78,311.81,270.02,335.35,276.78,360.45,286.46,386.25,300.35,405.66,316.57,421.36,333.75,434.94,353.41,437.86,374.71,431.75,393.68,415.00,409.50,395.62,420.77,372.53,425.09,344.52,426.32,318.58,422.53,295.52,400.21,300.07,386.24,300.18,369.70,305.06,356.20,309.97,281.62,310.24,293.06,308.15,309.33,310.01,323.11,312.62,292.90,326.19,306.34,320.91,322.38,326.33,306.88,330.90,307.27,324.56,392.23,317.51,376.51,314.92,362.41,323.24,378.36,324.82,377.12,318.62,340.78,323.72,327.32,363.07,323.75,373.30,329.63,379.81,345.63,385.20,362.55,377.16,367.71,369.18,361.36,359.95,342.17,351.65,332.33,379.70,358.15,377.09,320.14,398.41,329.54,395.81,339.43,395.23,347.13,396.27,354.89,393.91,366.08,392.81,378.43,393.53,370.83,402.29,361.30,408.80,348.92,411.63,336.92,410.72,328.03,405.78,334.13,399.82,347.96,400.64,362.41,397.55,362.33,397.89,347.92,401.16,334.01,400.19,343.64,377.42,298.35,322.52,315.50,321.74,314.91,329.26,299.09,329.60,385.18,314.96,367.85,317.44,370.14,324.67,386.12,322.14,
./P_45/1492719205697_12_-study-educational_advantages_of_social_networking_sites_writing_frames/1491424555795.png,1491424555795,0.5653115510940552,0.32623735070228577,0.5637427568435669,0.4176071882247925,0.4395833333333333,-0.0825,267.95,312.55,268.38,335.63,274.55,361.02,284.35,386.72,298.62,406.72,315.47,422.59,333.48,435.99,353.26,438.40,374.46,432.05,393.59,415.04,409.81,395.50,421.22,372.10,425.38,344.35,425.67,318.09,420.56,295.07,398.06,296.64,384.28,296.10,367.33,302.08,354.12,308.24,281.25,308.93,292.29,306.05,308.97,308.35,322.73,311.62,292.53,327.67,305.75,321.09,322.01,327.13,306.73,332.77,307.20,325.88,390.84,317.03,375.10,313.59,361.04,323.14,377.11,325.27,375.61,318.54,339.54,322.58,326.50,360.30,322.40,370.73,328.56,377.32,344.52,381.47,361.63,374.02,366.77,365.87,359.60,356.74,340.86,348.70,331.83,376.55,356.21,373.58,319.29,396.38,329.18,393.45,338.95,392.03,346.31,392.93,353.64,390.50,364.99,389.77,378.15,390.29,370.54,399.29,361.14,405.99,348.49,409.17,336.28,408.51,327.32,403.69,333.57,397.47,347.35,397.76,361.91,394.57,361.80,395.46,347.25,398.64,333.50,398.30,342.24,372.68,297.72,323.22,315.06,322.03,314.89,330.68,298.73,331.49,383.91,313.84,366.32,316.59,368.64,325.03,384.97,322.26,
./P_45/1492719205697_12_-study-educational_advantages_of_social_networking_sites_writing_frames/1491424555890.png,1491424555890,0.5902981758117676,0.27597007155418396,0.5626260042190552,0.39424100518226624,0.3463541666666667,-0.041666666666666664,267.95,313.00,268.21,336.08,274.18,361.44,284.07,386.88,298.38,406.80,315.33,422.62,333.49,435.87,353.28,438.20,374.50,431.78,393.77,414.75,410.05,395.14,421.39,371.73,425.42,344.21,425.35,318.02,419.68,295.03,396.21,295.04,382.74,294.58,366.06,300.53,353.12,306.74,281.04,307.96,291.85,304.79,308.56,306.92,322.17,310.20,292.80,326.97,305.87,320.14,321.80,326.31,306.91,332.01,307.50,325.09,389.78,316.17,374.34,312.51,360.46,322.21,376.34,324.41,375.04,317.64,338.86,321.51,326.15,358.76,321.80,369.28,328.04,375.87,343.83,379.86,360.97,372.49,366.14,364.28,358.66,355.17,340.11,347.25,331.42,375.08,355.36,372.10,318.77,394.79,328.86,391.95,338.58,390.50,345.82,391.39,352.98,388.98,364.33,388.20,377.75,388.57,370.20,397.79,360.79,404.67,348.12,407.96,335.89,407.27,326.84,402.32,333.18,396.32,346.92,396.64,361.46,393.37,361.23,393.94,346.76,397.12,333.11,396.82,341.48,370.83,297.92,322.36,315.02,321.15,314.92,329.89,298.97,330.75,383.00,312.83,365.68,315.59,367.97,324.15,384.06,321.39,
./P_45/1492719205697_12_-study-educational_advantages_of_social_networking_sites_writing_frames/1491424555992.png,1491424555992,0.6175709962844849,0.2788197994232178,0.5739689469337463,0.39928385615348816,0.403125,0.0625,268.03,313.27,268.20,336.55,274.17,361.90,284.08,387.13,298.37,406.86,315.28,422.45,333.38,435.32,353.04,437.50,374.27,431.17,393.71,414.38,409.99,394.88,421.24,371.57,425.18,344.30,424.99,318.16,419.03,295.05,394.65,293.94,381.37,293.66,365.13,299.39,352.43,305.34,281.13,306.89,291.79,303.79,308.14,305.74,321.49,308.82,292.89,325.91,305.79,318.98,321.51,325.23,306.84,330.82,307.45,323.98,388.72,315.20,373.45,311.42,359.76,321.18,375.48,323.30,374.30,316.57,338.24,320.45,325.69,357.73,321.38,368.31,327.62,374.86,343.20,378.75,360.27,371.51,365.45,363.29,357.95,354.15,339.43,346.09,330.96,373.96,354.61,371.00,318.28,393.92,328.32,391.04,338.00,389.57,345.28,390.44,352.47,388.05,363.84,387.28,377.31,387.67,369.62,396.53,360.12,403.13,347.54,406.33,335.44,405.71,326.40,401.06,332.61,395.11,346.35,395.31,360.94,392.16,360.68,392.90,346.22,396.06,332.58,395.77,340.79,369.57,297.92,321.24,314.82,320.04,314.73,328.74,299.00,329.60,382.04,311.78,364.92,314.53,367.22,323.05,383.08,320.31,
./P_45/1492719205697_12_-study-educational_advantages_of_social_networking_sites_writing_frames/1491424556170.png,1491424556170,0.6476726531982422,0.2973284125328064,0.6194464564323425,0.45570117235183716,0.3703125,0.08333333333333333,268.08,313.24,268.04,336.92,274.06,362.04,284.20,386.74,298.57,405.99,315.43,421.17,333.19,433.59,352.40,435.66,373.39,429.63,392.91,413.33,409.33,394.11,420.74,371.04,424.94,344.16,424.78,318.28,418.59,295.00,392.92,292.00,379.67,291.76,363.70,297.27,351.14,303.05,281.44,304.24,291.93,301.33,307.87,303.22,320.99,306.27,292.69,323.23,305.33,316.25,320.84,322.55,306.36,327.95,306.88,321.22,387.25,312.96,372.05,309.04,358.67,318.72,374.08,320.75,372.92,314.14,337.33,317.61,324.94,354.94,320.54,365.65,326.79,372.19,342.28,375.92,359.39,368.93,364.64,360.68,356.99,351.43,338.47,343.10,330.18,371.12,353.61,368.22,317.62,391.56,327.43,388.40,337.10,386.82,344.41,387.74,351.66,385.32,363.12,384.73,376.54,385.47,368.72,394.09,359.11,400.53,346.68,403.56,334.77,402.97,325.79,398.47,331.87,392.59,345.53,392.74,360.09,389.75,359.81,390.32,345.38,393.39,331.80,393.11,339.78,366.44,297.58,318.52,314.23,317.34,314.11,325.93,298.68,326.77,380.57,309.46,363.68,312.10,365.99,320.50,381.60,317.88,
./P_45/1492719205697_12_-study-educational_advantages_of_social_networking_sites_writing_frames/1491424556262.png,1491424556262,0.6333885192871094,0.3206694424152374,0.6125518679618835,0.42952340841293335,0.5192708333333333,0.1875,268.14,312.79,268.35,336.73,274.53,361.75,284.56,386.18,298.64,405.13,315.19,420.09,332.69,432.42,352.00,434.68,373.13,428.62,392.67,412.67,408.95,393.76,420.30,370.98,424.57,344.13,424.59,318.24,418.70,294.67,392.64,291.22,379.28,290.98,363.36,296.23,350.84,301.79,281.23,303.02,291.65,300.20,307.44,301.95,320.45,304.87,292.29,321.80,304.80,314.88,320.26,321.24,305.82,326.48,306.25,319.77,386.80,311.85,371.59,307.92,358.35,317.57,373.64,319.53,372.51,312.93,336.95,316.48,324.79,354.05,320.33,364.79,326.56,371.30,342.00,375.14,359.00,368.16,364.33,359.94,356.59,350.63,338.15,342.19,329.84,370.25,353.39,367.39,317.12,390.65,326.95,387.52,336.69,386.09,343.96,387.02,351.23,384.63,362.68,383.96,376.11,384.73,368.30,393.58,358.62,400.17,346.18,403.22,334.24,402.53,325.22,397.83,331.41,392.21,345.08,392.51,359.60,389.47,359.28,389.43,344.91,392.49,331.34,392.14,339.50,365.73,297.12,317.12,313.67,316.03,313.50,324.53,298.22,325.28,380.10,308.36,363.30,310.99,365.63,319.27,381.11,316.71,
./P_45/1492719205697_12_-study-educational_advantages_of_social_networking_sites_writing_frames/1491424556442.png,1491424556442,0.662816047668457,0.2992848753929138,0.6246209144592285,0.43461883068084717,0.5791666666666667,0.15166666666666667,267.84,311.41,268.61,335.71,275.02,360.39,284.57,384.30,298.02,402.65,314.07,417.08,331.29,428.98,350.84,431.46,372.36,425.69,392.22,410.57,408.42,392.24,419.54,369.85,423.72,343.21,424.16,317.61,419.15,293.95,393.30,290.12,379.63,289.63,363.69,294.32,350.96,299.38,280.25,300.66,290.77,297.79,306.41,299.31,319.45,302.04,291.10,318.95,303.65,312.17,319.34,318.58,304.59,323.53,304.92,316.91,386.94,309.99,371.53,305.97,358.14,315.40,373.49,317.29,372.35,310.79,336.58,314.16,324.29,352.15,320.00,362.83,326.13,369.32,341.52,373.17,358.47,366.55,363.87,358.40,356.43,348.96,337.76,340.00,329.26,367.92,353.09,365.28,316.43,389.07,326.06,385.59,335.96,384.19,343.36,385.16,350.85,382.84,362.44,382.38,375.64,383.79,367.64,392.05,357.74,398.09,345.36,400.81,333.46,400.11,324.50,395.78,330.57,389.99,344.36,390.29,359.02,387.58,358.75,387.61,344.27,390.44,330.52,390.07,339.09,363.74,295.92,314.33,312.64,313.36,312.34,321.70,297.00,322.32,380.15,306.49,363.16,308.95,365.49,317.00,381.07,314.64,
./P_45/1492719205697_12_-study-educational_advantages_of_social_networking_sites_writing_frames/1491424556543.png,1491424556543,0.5151415467262268,0.2881251275539398,0.5292871594429016,0.4274987280368805,0.4713541666666667,0.18166666666666667,268.39,310.89,269.55,335.08,276.08,359.27,285.15,382.57,298.05,400.52,313.67,414.66,330.66,426.46,350.28,429.08,371.93,423.55,391.98,408.97,408.14,391.08,419.19,369.00,423.38,342.52,424.08,317.19,419.74,293.68,394.29,289.72,380.25,288.88,364.14,293.38,351.22,298.32,280.08,299.67,290.58,296.63,306.20,298.07,319.35,300.76,290.62,317.86,303.11,311.05,319.11,317.56,304.11,322.48,304.34,315.81,387.34,309.28,371.67,305.16,358.20,314.63,373.65,316.52,372.35,309.99,336.70,313.12,324.44,351.50,320.33,362.02,326.37,368.48,341.74,372.15,358.56,365.87,363.97,357.81,356.72,348.38,337.94,338.98,329.41,366.75,353.31,364.20,316.37,388.55,325.75,384.62,335.80,383.09,343.23,384.07,350.83,381.76,362.48,381.56,375.43,383.54,367.33,391.53,357.39,397.31,345.05,399.88,333.14,399.20,324.28,395.03,330.26,389.00,344.09,389.23,358.77,386.71,358.65,386.74,344.13,389.37,330.28,389.12,339.31,362.72,295.36,313.22,312.28,312.26,311.95,320.68,296.47,321.26,380.43,305.71,363.19,308.14,365.58,316.20,381.35,313.94,
./P_45/1492719205697_12_-study-educational_advantages_of_social_networking_sites_writing_frames/1491424556640.png,1491424556640,0.5272865891456604,0.26156914234161377,0.4909801483154297,0.45537281036376953,-0.0020833333333333333,0.1575,268.90,310.13,270.43,334.24,277.05,358.08,285.72,380.94,298.05,398.54,313.15,412.44,329.78,424.23,349.52,427.09,371.27,421.62,391.27,407.48,407.38,390.06,418.45,368.36,422.77,342.01,423.77,316.83,420.07,293.33,395.24,289.13,381.08,288.01,364.80,292.45,351.80,297.40,280.28,298.77,290.67,295.65,306.27,297.08,319.43,299.79,290.40,317.11,302.84,310.26,318.99,316.89,303.87,321.85,304.03,315.09,387.86,308.63,372.05,304.43,358.60,314.01,374.06,315.95,372.63,309.34,337.00,312.42,324.67,350.79,320.46,361.28,326.50,367.78,341.98,371.41,358.80,365.24,364.25,357.21,356.92,347.75,338.22,338.28,329.47,365.88,353.62,363.33,316.29,387.86,325.80,384.10,335.87,382.65,343.23,383.63,350.83,381.35,362.41,381.16,375.34,382.99,367.17,390.90,357.18,396.57,344.86,399.11,332.93,398.41,324.08,394.28,330.18,388.24,343.95,388.47,358.59,386.01,358.58,386.31,344.09,388.93,330.30,388.65,339.56,362.05,295.09,312.44,312.09,311.51,311.75,320.04,296.21,320.58,380.91,305.01,363.53,307.48,365.95,315.60,381.82,313.36,
./P_45/1492719205697_12_-study-educational_advantages_of_social_networking_sites_writing_frames/1491424556732.png,1491424556732,0.5066797137260437,0.3096489906311035,0.4708636701107025,0.4825741946697235,-0.015625,-0.015,269.04,309.19,270.83,333.16,277.51,356.81,286.03,379.54,298.02,396.96,312.71,410.82,329.01,422.75,348.69,425.86,370.34,420.41,390.17,406.39,406.30,389.19,417.53,367.72,422.13,341.44,423.45,316.34,420.24,292.94,396.09,288.70,381.98,287.53,365.64,292.10,352.60,297.18,280.41,298.26,290.79,295.15,306.43,296.74,319.63,299.61,290.35,316.84,302.86,310.16,319.03,316.76,303.86,321.72,304.06,314.93,388.54,308.43,372.75,304.34,359.25,313.87,374.74,315.82,373.27,309.19,337.41,312.43,324.80,350.64,320.46,361.05,326.50,367.60,342.13,371.46,359.03,365.12,364.49,357.13,357.11,347.68,338.51,338.39,329.42,365.84,353.92,363.31,316.31,387.37,325.97,384.00,335.99,382.74,343.27,383.73,350.81,381.50,362.26,381.19,375.17,382.67,367.04,390.79,357.08,396.59,344.78,399.17,332.86,398.38,324.01,394.04,330.27,388.13,343.91,388.48,358.43,385.96,358.47,386.35,344.07,389.03,330.42,388.62,339.76,362.28,295.10,312.29,312.11,311.42,311.75,319.90,296.17,320.39,381.61,304.89,364.21,307.40,366.61,315.45,382.50,313.20,
./P_45/1492719205697_12_-study-educational_advantages_of_social_networking_sites_writing_frames/1491424556827.png,1491424556827,0.4967181384563446,0.23463977873325348,0.5149533748626709,0.4284631609916687,0.1328125,0.014166666666666666,269.01,307.97,270.73,331.77,277.31,355.50,285.76,378.50,297.71,396.07,312.25,410.12,328.40,422.23,347.94,425.40,369.52,419.93,389.29,405.66,405.58,388.36,417.00,366.88,421.83,340.67,423.33,315.54,420.32,292.27,396.98,288.21,382.97,286.99,366.54,291.70,353.43,296.92,280.63,297.88,291.14,294.74,306.86,296.47,320.16,299.46,290.55,316.68,303.23,310.12,319.44,316.67,304.18,321.63,304.48,314.86,389.24,308.21,373.48,304.19,359.83,313.71,375.43,315.65,373.96,309.03,337.91,312.43,324.81,350.68,320.46,360.99,326.49,367.57,342.20,371.64,359.20,365.11,364.63,357.18,357.33,347.80,338.81,338.54,329.37,365.99,354.07,363.48,316.15,387.04,325.88,383.83,335.93,382.67,343.23,383.66,350.79,381.46,362.25,381.07,375.16,382.38,366.99,390.68,357.06,396.58,344.67,399.25,332.71,398.41,323.81,393.90,330.17,388.05,343.83,388.46,358.41,385.85,358.49,386.27,343.97,389.00,330.32,388.50,339.90,362.59,295.41,312.20,312.50,311.35,312.12,319.82,296.44,320.29,382.34,304.71,364.86,307.25,367.25,315.31,383.21,313.00,
./P_45/1492719205697_12_-study-educational_advantages_of_social_networking_sites_writing_frames/1491424556923.png,1491424556923,0.5312531590461731,0.37624022364616394,0.511292576789856,0.45611122250556946,0.0234375,0.028333333333333332,268.85,306.64,270.41,330.41,276.87,354.38,285.20,377.81,297.15,395.67,311.67,409.85,327.88,422.01,347.47,425.20,368.97,419.71,388.62,405.35,404.93,388.06,416.47,366.52,421.42,340.13,423.04,314.77,420.05,291.43,397.50,288.01,383.64,286.66,367.17,291.33,354.02,296.53,280.96,297.91,291.62,294.58,307.49,296.24,320.88,299.17,290.96,316.63,303.81,310.05,320.03,316.61,304.75,321.67,305.10,314.87,389.61,308.09,373.93,304.05,360.14,313.60,375.86,315.64,374.43,308.96,338.44,312.21,325.08,350.49,320.75,360.77,326.77,367.38,342.50,371.38,359.37,364.92,364.75,357.08,357.59,347.67,339.29,338.30,329.70,365.73,354.27,363.26,316.00,386.92,325.88,383.75,336.00,382.55,343.32,383.53,350.89,381.34,362.24,380.99,375.04,382.27,366.88,390.61,357.08,396.52,344.62,399.24,332.58,398.42,323.62,393.87,330.07,388.00,343.80,388.37,358.39,385.73,358.54,386.18,343.98,388.87,330.29,388.41,340.32,362.32,295.94,312.15,313.09,311.27,312.73,319.83,296.91,320.31,382.77,304.58,365.25,307.12,367.60,315.28,383.65,312.96,
./P_45/1492719205697_12_-study-educational_advantages_of_social_networking_sites_writing_frames/1491424557023.png,1491424557023,0.6491256356239319,0.3187088370323181,0.643967866897583,0.47080081701278687,0.221875,0.058333333333333334,268.15,305.48,269.49,329.26,275.87,353.50,284.32,377.36,296.49,395.38,311.20,409.51,327.58,421.47,347.07,424.59,368.33,419.16,387.85,404.88,404.28,387.74,415.99,366.26,421.14,339.85,422.94,314.34,419.83,290.95,397.35,287.96,383.73,286.85,367.50,291.55,354.44,296.72,281.26,297.93,292.17,294.67,308.07,296.42,321.43,299.39,291.48,316.51,304.57,310.07,320.62,316.62,305.40,321.64,305.89,314.85,389.77,308.17,374.30,304.17,360.35,313.62,376.15,315.74,374.86,309.05,338.80,312.22,325.13,350.35,320.80,360.56,326.82,367.16,342.46,371.22,359.27,364.78,364.61,357.04,357.65,347.66,339.51,338.28,329.81,365.60,354.17,363.25,315.85,386.49,325.86,383.43,335.98,382.25,343.36,383.27,350.91,381.10,362.21,380.74,374.93,381.97,366.79,390.36,357.09,396.27,344.63,398.97,332.58,398.16,323.56,393.54,330.04,387.67,343.81,388.04,358.42,385.43,358.53,385.90,343.94,388.54,330.22,388.06,340.44,362.22,296.63,312.11,313.80,311.29,313.39,319.83,297.52,320.27,383.05,304.70,365.58,307.18,367.86,315.37,383.89,313.05,
./P_45/1492719205697_12_-study-educational_advantages_of_social_networking_sites_writing_frames/1491424557120.png,1491424557120,0.6435183882713318,0.3815264403820038,0.6366758942604065,0.4769679307937622,0.6505208333333333,0.2825,268.38,304.98,269.40,328.45,275.44,352.70,283.77,376.78,295.92,395.16,310.68,409.65,327.19,421.91,346.69,425.01,367.91,419.55,387.47,404.98,404.09,387.67,415.97,366.06,421.20,339.62,422.88,314.09,419.48,290.81,397.02,287.99,383.62,286.91,367.41,291.63,354.42,296.82,281.88,298.37,292.73,295.04,308.68,296.73,322.01,299.63,292.16,316.83,305.28,310.33,321.13,316.89,306.09,322.01,306.69,315.19,389.60,308.31,374.31,304.24,360.40,313.75,376.15,315.98,374.95,309.22,338.96,312.31,325.11,350.25,320.69,360.47,326.71,367.13,342.34,371.13,359.22,364.69,364.53,356.95,357.50,347.57,339.52,338.28,329.75,365.61,353.99,363.24,315.72,386.45,325.81,383.56,335.89,382.35,343.24,383.38,350.72,381.20,361.97,380.82,374.75,381.87,366.64,390.33,356.99,396.33,344.46,399.09,332.39,398.30,323.34,393.60,329.91,387.76,343.65,388.11,358.27,385.45,358.38,386.03,343.77,388.70,330.12,388.21,340.34,362.10,297.36,312.39,314.43,311.54,314.04,320.16,298.21,320.63,383.00,304.79,365.61,307.28,367.86,315.58,383.82,313.24,
./P_45/1492719205697_12_-study-educational_advantages_of_social_networking_sites_writing_frames/1491424557219.png,1491424557219,0.5865392088890076,0.35743436217308044,0.5946978330612183,0.4506983757019043,0.5760416666666667,0.2875,268.84,304.93,269.66,328.17,275.57,352.33,283.83,376.29,295.91,394.71,310.65,409.25,327.18,421.51,346.52,424.58,367.58,419.22,387.26,404.84,404.08,387.73,416.20,366.26,421.61,339.88,423.31,314.33,419.75,291.05,396.70,287.78,383.34,286.82,367.29,291.63,354.45,296.90,282.63,298.31,293.38,295.07,309.18,296.84,322.38,299.79,292.78,317.12,305.84,310.57,321.58,317.22,306.66,322.40,307.33,315.52,389.51,308.54,374.31,304.41,360.46,314.02,376.16,316.34,375.01,309.50,339.10,312.49,325.26,350.34,320.80,360.51,326.82,367.16,342.34,371.08,359.18,364.72,364.50,357.03,357.43,347.68,339.56,338.37,329.88,365.66,353.84,363.28,315.72,386.32,325.83,383.52,335.85,382.28,343.14,383.31,350.55,381.12,361.75,380.76,374.60,381.73,366.42,390.19,356.80,396.20,344.31,398.97,332.29,398.20,323.28,393.48,329.85,387.61,343.51,387.91,358.09,385.27,358.23,386.04,343.66,388.67,330.11,388.22,340.30,362.03,297.95,312.64,314.95,311.81,314.57,320.54,298.79,321.00,382.97,304.97,365.63,307.49,367.88,315.93,383.80,313.55,
./P_45/1492719205697_12_-study-educational_advantages_of_social_networking_sites_writing_frames/1491424557318.png,1491424557318,0.524312436580658,0.35739564895629883,0.5262096524238586,0.40855300426483154,0.6260416666666667,0.11333333333333333,269.33,305.11,269.95,328.15,275.68,352.25,283.93,376.11,296.00,394.62,310.71,409.32,327.18,421.76,346.34,424.84,367.31,419.57,387.14,405.16,404.22,388.03,416.62,366.53,422.21,340.17,423.84,314.63,420.06,291.41,396.49,287.87,383.17,287.06,367.20,292.03,354.45,297.45,283.19,298.50,293.80,295.40,309.50,297.32,322.61,300.40,293.32,317.41,306.30,310.81,321.92,317.56,307.12,322.75,307.85,315.82,389.40,308.80,374.26,304.61,360.50,314.33,376.12,316.66,375.01,309.77,339.15,312.86,325.25,350.46,320.74,360.59,326.76,367.27,342.18,371.25,359.09,364.84,364.43,357.13,357.29,347.81,339.45,338.67,329.81,365.94,353.64,363.53,315.77,386.21,325.84,383.53,335.78,382.32,343.01,383.37,350.36,381.17,361.57,380.78,374.52,381.63,366.30,390.19,356.67,396.27,344.18,399.07,332.23,398.28,323.27,393.46,329.82,387.67,343.39,387.98,357.97,385.32,358.10,386.10,343.52,388.76,330.08,388.27,340.07,362.23,298.45,312.89,315.36,312.08,314.98,320.89,299.28,321.32,382.89,305.18,365.60,307.73,367.86,316.25,383.71,313.85,
./P_45/1492719205697_12_-study-educational_advantages_of_social_networking_sites_writing_frames/1491424557426.png,1491424557426,0.505216658115387,0.3480648994445801,0.48837798833847046,0.4216873049736023,0.6515625,0.18916666666666668,269.04,305.22,269.58,328.36,275.38,352.58,283.73,376.55,295.87,394.95,310.66,409.38,327.20,421.46,346.27,424.47,367.18,419.24,387.14,405.08,404.35,388.17,416.80,366.78,422.44,340.42,424.13,314.80,420.21,291.50,396.10,287.98,382.83,287.17,366.98,292.01,354.28,297.31,283.36,298.67,294.01,295.48,309.67,297.27,322.73,300.25,293.56,317.75,306.57,311.18,322.11,317.87,307.38,323.15,308.14,316.20,389.28,309.18,374.21,305.01,360.43,314.65,376.06,317.10,375.03,310.18,339.12,312.91,325.25,350.62,320.72,360.77,326.75,367.41,342.04,371.24,358.93,365.00,364.28,357.33,357.13,348.01,339.36,338.67,329.84,365.97,353.38,363.60,315.70,386.33,325.84,383.68,335.74,382.42,342.95,383.49,350.25,381.29,361.46,380.95,374.50,381.78,366.25,390.36,356.63,396.44,344.14,399.22,332.21,398.44,323.25,393.61,329.80,387.74,343.34,388.02,357.91,385.41,358.02,386.29,343.45,388.86,330.05,388.43,339.93,362.12,298.73,313.26,315.59,312.44,315.24,321.27,299.54,321.71,382.80,305.58,365.57,308.10,367.80,316.66,383.63,314.27,
./P_45/1492719205697_12_-study-educational_advantages_of_social_networking_sites_writing_frames/1491424557518.png,1491424557518,0.4941064119338989,0.2663556933403015,0.5030492544174194,0.45729321241378784,0.4630208333333333,0.21,268.99,305.82,269.42,328.87,275.13,353.05,283.56,377.00,295.82,395.44,310.68,409.93,327.22,422.07,346.18,425.01,367.08,419.78,387.11,405.39,404.39,388.30,416.87,366.82,422.51,340.61,424.10,315.11,420.07,291.96,395.86,288.22,382.65,287.46,366.82,292.41,354.15,297.82,283.41,298.97,294.06,295.82,309.70,297.70,322.75,300.78,293.61,318.12,306.60,311.47,322.12,318.24,307.43,323.53,308.21,316.55,389.09,309.49,374.03,305.26,360.30,315.01,375.89,317.44,374.84,310.49,339.03,313.29,325.10,350.91,320.54,361.05,326.58,367.70,341.90,371.55,358.84,365.27,364.19,357.57,357.00,348.28,339.23,339.01,329.70,366.31,353.23,363.93,315.57,386.62,325.67,383.91,335.60,382.62,342.81,383.70,350.13,381.49,361.39,381.16,374.45,382.03,366.21,390.67,356.57,396.82,344.04,399.63,332.09,398.85,323.12,393.97,329.66,388.12,343.23,388.39,357.85,385.76,357.95,386.54,343.33,389.12,329.89,388.70,339.77,362.40,298.75,313.58,315.62,312.74,315.27,321.64,299.59,322.09,382.62,305.84,365.39,308.38,367.64,317.01,383.46,314.60,
./P_45/1492719205697_12_-study-educational_advantages_of_social_networking_sites_writing_frames/1491424557612.png,1491424557612,0.5116823315620422,0.33619892597198486,0.4942196011543274,0.4252123236656189,0.48489583333333336,0.23166666666666666,269.10,306.63,269.55,329.65,275.24,353.73,283.60,377.59,295.81,396.00,310.67,410.45,327.27,422.49,346.31,425.36,367.35,420.10,387.54,405.64,404.78,388.46,417.08,366.91,422.53,340.81,423.98,315.42,419.91,292.37,395.57,288.53,382.33,287.79,366.55,292.73,353.93,298.09,283.40,299.40,294.05,296.24,309.63,298.07,322.64,301.07,293.54,318.55,306.47,311.82,322.02,318.57,307.34,323.88,308.10,316.92,388.88,309.78,373.82,305.52,360.12,315.31,375.71,317.71,374.64,310.77,338.89,313.55,325.03,351.10,320.54,361.25,326.57,367.87,341.86,371.58,358.78,365.39,364.11,357.69,356.92,348.42,339.12,339.11,329.69,366.36,353.13,363.94,315.52,387.03,325.53,384.10,335.51,382.70,342.74,383.76,350.09,381.54,361.40,381.29,374.43,382.33,366.19,390.88,356.53,396.95,343.98,399.75,332.02,399.03,323.04,394.26,329.54,388.36,343.15,388.55,357.81,385.94,357.93,386.64,343.27,389.19,329.79,388.84,339.69,362.35,298.63,313.96,315.51,313.07,315.18,321.98,299.51,322.47,382.41,306.10,365.18,308.66,367.46,317.30,383.27,314.87,
./P_45/1492719205697_12_-study-educational_advantages_of_social_networking_sites_writing_frames/1491424557707.png,1491424557707,0.4976511299610138,0.3100545406341553,0.4912528395652771,0.47058969736099243,0.48802083333333335,0.34833333333333333,268.68,307.36,269.26,330.49,275.10,354.59,283.57,378.40,295.86,396.59,310.79,410.67,327.48,422.28,346.52,425.02,367.61,419.73,387.87,405.50,405.06,388.54,417.21,367.14,422.52,341.17,423.97,315.82,419.92,292.69,395.32,288.76,381.99,287.96,366.22,292.86,353.60,298.18,283.09,299.71,293.80,296.50,309.35,298.24,322.35,301.19,293.29,318.92,306.21,312.08,321.84,318.88,307.12,324.27,307.83,317.23,388.67,310.01,373.55,305.70,359.84,315.59,375.46,318.00,374.38,311.00,338.62,313.68,324.94,351.40,320.52,361.57,326.56,368.12,341.72,371.62,358.56,365.60,363.89,357.91,356.72,348.67,338.92,339.19,329.67,366.44,352.88,364.00,315.55,387.37,325.50,384.24,335.48,382.73,342.70,383.78,350.04,381.55,361.41,381.36,374.48,382.55,366.23,391.01,356.57,397.01,344.04,399.78,332.11,399.11,323.16,394.46,329.56,388.42,343.17,388.51,357.85,385.96,357.95,386.73,343.27,389.20,329.78,388.97,339.52,362.34,298.36,314.27,315.30,313.34,314.99,322.33,299.27,322.87,382.17,306.30,364.88,308.87,367.19,317.59,383.05,315.15,
./P_45/1492719205697_12_-study-educational_advantages_of_social_networking_sites_writing_frames/1491424557891.png,1491424557891,0.13002599775791168,0.03759147226810455,0.21644806861877441,0.17187774181365967,0.2604166666666667,0.22916666666666666,268.25,308.78,269.38,332.27,275.54,356.19,284.15,379.80,296.39,397.66,311.11,411.79,327.47,423.76,346.78,426.79,368.11,421.18,387.97,406.59,404.63,389.36,416.43,368.04,421.61,342.08,423.14,316.93,419.60,293.66,395.13,290.12,381.78,289.74,366.04,294.55,353.44,299.69,282.30,300.58,292.96,297.94,308.37,299.70,321.29,302.55,292.34,318.79,305.11,312.14,320.62,319.01,305.95,324.00,306.45,317.01,388.14,310.09,372.95,305.97,359.57,315.84,374.95,317.87,373.80,310.94,338.13,314.82,324.74,352.94,320.20,363.26,326.29,369.87,341.70,374.03,358.53,367.37,363.92,359.54,356.58,350.19,338.70,341.20,329.12,368.66,353.35,366.17,315.53,388.75,325.53,386.13,335.47,385.16,342.68,386.22,350.04,383.98,361.28,383.32,374.27,383.99,366.20,392.69,356.45,398.95,344.02,401.77,332.12,400.96,323.09,396.09,329.63,390.49,343.18,390.89,357.67,388.12,357.71,388.50,343.28,391.33,329.85,390.72,339.52,365.26,297.31,314.23,314.13,313.49,313.68,322.18,298.26,322.57,381.57,306.48,364.44,309.17,366.87,317.53,382.45,315.05,
./P_45/1492719205697_12_-study-educational_advantages_of_social_networking_sites_writing_frames/1491424558071.png,1491424558071,0.13178572058677673,0.13246622681617737,0.1859828233718872,0.16639114916324615,0.2838541666666667,0.425,267.81,309.27,269.04,332.53,275.54,356.61,284.39,380.91,296.95,399.41,311.93,414.67,328.22,428.06,347.38,431.45,368.66,425.91,388.58,410.15,405.10,391.44,416.86,368.86,421.91,341.56,423.42,316.22,420.09,293.74,396.22,295.18,382.53,295.50,366.80,300.28,353.85,305.09,280.60,304.65,291.44,302.72,306.94,304.68,320.14,307.47,290.98,321.70,303.91,316.48,319.62,322.08,304.54,326.53,305.02,320.22,388.65,313.89,373.24,311.07,359.64,319.42,375.17,321.07,373.98,314.87,337.98,319.62,324.32,357.91,320.52,367.90,326.31,374.44,342.05,379.84,358.88,372.18,364.15,364.38,357.59,355.17,338.86,346.83,328.98,374.24,354.34,371.86,316.29,393.14,325.59,390.62,335.47,390.09,342.86,391.21,350.50,388.98,361.50,388.14,373.64,389.01,365.89,397.97,356.32,404.47,344.15,407.21,332.37,406.14,323.62,400.88,329.87,395.32,343.32,396.30,357.52,393.34,357.66,393.03,343.47,396.01,329.97,395.02,339.99,371.88,296.17,318.06,312.88,317.42,312.32,324.97,296.96,325.13,381.81,311.20,364.81,313.70,367.15,320.85,382.68,318.47,
./P_45/1492719205697_12_-study-educational_advantages_of_social_networking_sites_writing_frames/1491424558252.png,1491424558252,0.14182128012180328,0.04345441237092018,0.18093112111091614,0.1943240463733673,0.3927083333333333,0.37166666666666665,267.68,309.62,269.01,332.77,275.58,357.14,284.32,382.19,297.17,401.26,312.47,416.88,329.01,430.76,348.53,434.05,370.15,428.53,390.00,412.29,406.44,393.23,418.14,370.18,422.84,342.25,424.39,316.72,421.45,294.33,399.02,299.44,384.61,299.33,367.95,304.20,354.31,309.03,280.08,308.27,291.42,306.29,307.51,308.40,321.27,311.19,290.41,324.42,303.73,319.10,320.17,324.85,304.36,329.51,304.71,322.94,390.35,316.72,374.27,313.84,360.15,322.34,376.22,324.15,374.74,317.73,338.72,322.26,324.76,361.73,321.38,371.71,327.08,378.27,343.02,383.44,359.95,376.04,365.16,368.20,359.04,358.94,339.78,350.07,329.68,377.75,355.50,375.37,317.19,397.43,326.21,394.43,336.19,393.64,343.83,394.78,351.74,392.48,362.94,391.92,374.93,393.30,367.06,401.55,357.47,407.54,345.14,410.07,333.21,409.17,324.61,404.41,330.60,398.04,344.30,398.74,358.77,396.07,359.05,396.95,344.54,399.86,330.67,398.97,340.96,375.66,295.70,320.69,313.15,319.98,312.54,327.89,296.48,328.06,383.20,313.96,365.43,316.41,367.84,323.90,384.14,321.50,
./P_45/1492719205697_12_-study-educational_advantages_of_social_networking_sites_writing_frames/1491424558348.png,1491424558348,0.16098058223724365,0.16829974949359894,0.15520580112934113,0.1296646147966385,0.3796875,0.4083333333333333,267.62,310.20,269.04,333.24,275.62,357.61,284.37,382.86,297.23,402.03,312.62,417.71,329.33,431.65,349.05,434.93,370.86,429.21,390.76,412.72,407.16,393.55,418.72,370.48,423.29,342.55,424.83,317.07,421.99,294.71,399.79,300.37,385.33,300.18,368.45,305.02,354.71,309.83,280.21,309.45,291.63,307.44,307.84,309.43,321.69,312.11,290.54,325.51,303.91,320.26,320.39,325.84,304.55,330.59,304.86,324.02,390.99,317.49,374.86,314.75,360.70,323.17,376.81,324.98,375.31,318.56,339.10,323.16,325.07,362.78,321.63,372.81,327.37,379.39,343.43,384.57,360.49,377.06,365.70,369.18,359.48,359.91,340.18,351.13,329.95,378.89,356.01,376.43,317.60,398.55,326.70,395.65,336.67,394.90,344.31,396.04,352.19,393.71,363.41,393.04,375.53,394.24,367.72,402.66,358.10,408.81,345.68,411.42,333.68,410.53,325.02,405.68,331.11,399.26,344.82,399.98,359.31,397.20,359.57,398.14,345.03,401.11,331.17,400.23,341.36,376.85,295.87,321.84,313.35,321.08,312.75,328.92,296.65,329.14,383.79,314.82,366.00,317.30,368.41,324.74,384.74,322.29,
./P_45/1492719205697_12_-study-educational_advantages_of_social_networking_sites_writing_frames/1491424558444.png,1491424558444,0.14308834075927734,0.10175981372594833,0.16774703562259674,0.1496284157037735,0.29375,0.25916666666666666,267.46,310.59,268.92,333.70,275.52,358.20,284.35,383.57,297.35,402.76,312.91,418.37,329.81,432.16,349.65,435.35,371.43,429.55,391.17,413.14,407.52,394.08,419.05,371.10,423.54,343.14,425.05,317.54,422.07,294.97,399.95,300.46,385.54,300.35,368.63,305.27,354.92,310.15,280.22,309.93,291.68,307.92,307.99,309.91,321.85,312.58,290.73,325.98,304.17,320.65,320.61,326.26,304.79,331.04,305.12,324.43,391.27,317.67,375.17,314.92,360.98,323.42,377.11,325.22,375.65,318.76,339.31,323.53,325.38,363.16,321.88,373.24,327.69,379.83,343.75,385.00,360.78,377.39,366.00,369.49,359.72,360.21,340.45,351.54,330.28,379.38,356.31,376.86,317.91,398.69,327.22,395.97,337.15,395.29,344.75,396.41,352.56,394.06,363.75,393.25,376.02,394.19,368.16,402.49,358.55,408.56,346.16,411.19,334.19,410.35,325.48,405.64,331.57,399.18,345.28,399.83,359.76,397.04,359.99,398.40,345.49,401.47,331.65,400.56,341.69,377.30,296.10,322.26,313.58,321.48,312.99,329.35,296.88,329.61,384.09,314.99,366.31,317.50,368.71,324.99,385.04,322.50,
./P_45/1492719205697_12_-study-educational_advantages_of_social_networking_sites_writing_frames/1491424558538.png,1491424558538,0.1256476789712906,0.07639522850513458,0.1622479259967804,0.11071048676967621,0.27291666666666664,0.32916666666666666,266.99,311.01,268.56,334.17,275.28,358.77,284.40,384.26,297.59,403.40,313.27,418.91,330.26,432.57,350.14,435.80,371.86,429.70,391.42,413.18,407.62,394.19,419.05,371.38,423.58,343.51,425.13,317.87,422.10,295.12,399.67,300.33,385.43,300.32,368.60,305.27,354.99,310.25,280.12,310.23,291.59,308.19,307.96,310.14,321.77,312.84,290.92,326.35,304.37,321.04,320.62,326.63,304.99,331.43,305.33,324.79,391.22,317.78,375.29,315.09,361.17,323.62,377.22,325.42,375.86,318.91,339.33,323.87,325.56,363.29,321.85,373.45,327.73,380.02,343.81,385.30,360.85,377.49,366.09,369.55,359.59,360.30,340.51,351.91,330.34,379.75,356.38,377.17,318.04,398.72,327.51,396.23,337.42,395.66,344.94,396.77,352.61,394.42,363.77,393.41,376.17,394.04,368.55,403.06,359.00,409.69,346.52,412.53,334.45,411.59,325.62,406.39,331.92,400.25,345.59,401.09,359.98,398.04,360.08,398.58,345.67,401.73,331.91,400.79,341.78,377.66,296.33,322.65,313.70,321.90,313.11,329.71,297.11,330.00,384.11,315.14,366.49,317.72,368.88,325.19,385.06,322.64,
./P_45/1492719205697_12_-study-educational_advantages_of_social_networking_sites_writing_frames/1491424558789.png,1491424558789,1.0491870641708374,-0.040857795625925064,0.9554333686828613,0.2621622383594513,0.30416666666666664,0.36083333333333334,266.90,311.45,268.48,334.56,275.23,359.22,284.51,384.68,297.87,403.85,313.68,419.34,330.79,432.87,350.57,435.93,372.15,429.86,391.63,413.31,407.77,394.25,419.15,371.38,423.56,343.57,425.00,317.91,421.75,295.18,399.22,300.13,385.05,300.28,368.43,305.35,354.92,310.42,279.91,310.46,291.39,308.42,307.65,310.43,321.43,313.15,290.95,326.70,304.43,321.35,320.68,326.94,305.05,331.71,305.46,325.12,391.08,317.87,375.19,315.21,361.02,323.80,377.12,325.50,375.79,319.05,339.19,324.24,325.48,363.58,321.93,373.67,327.79,380.18,343.77,385.46,360.77,377.56,365.95,369.64,359.58,360.49,340.39,352.16,330.39,379.96,356.28,377.32,318.18,398.80,327.54,396.18,337.47,395.54,345.07,396.62,352.79,394.25,364.03,393.22,376.42,393.97,368.78,402.87,359.23,409.43,346.76,412.27,334.71,411.38,325.87,406.33,332.05,400.16,345.80,400.92,360.27,397.87,360.32,398.37,345.82,401.54,331.98,400.67,341.71,377.81,296.38,322.99,313.75,322.21,313.16,330.00,297.16,330.32,384.00,315.24,366.38,317.86,368.78,325.32,384.95,322.72,
./P_45/1492719205697_12_-study-educational_advantages_of_social_networking_sites_writing_frames/1491424569121.png,1491424569121,0.3024429976940155,0.21207590401172638,0.6363975405693054,0.48987001180648804,0.56875,-0.04,267.77,314.49,270.07,337.06,277.22,360.27,286.76,383.65,299.69,401.65,315.14,415.23,331.94,426.26,351.27,428.08,372.19,421.32,391.63,406.67,408.29,389.33,419.81,367.30,423.48,340.04,423.38,314.49,417.48,290.74,391.18,292.32,377.61,293.15,361.92,298.74,349.68,304.59,280.06,311.49,289.80,308.23,305.46,308.46,318.45,310.04,291.98,324.40,304.25,317.39,319.47,322.09,305.73,327.68,306.08,321.30,384.89,309.11,369.64,306.42,356.86,316.05,372.13,316.94,371.33,310.53,335.02,317.11,323.40,352.57,320.04,363.12,326.31,369.39,341.16,372.33,357.87,364.78,362.65,356.62,354.95,347.64,336.33,341.55,328.82,368.24,352.01,364.02,317.79,389.81,326.59,386.34,335.92,384.64,343.21,385.28,350.32,382.43,361.47,381.05,374.64,381.31,367.02,390.31,357.70,396.77,345.53,400.19,334.00,400.45,325.17,396.53,330.95,390.67,344.10,390.02,358.47,386.40,358.43,386.04,344.07,389.79,331.00,390.09,338.00,363.91,296.83,319.84,312.98,317.74,313.07,325.43,298.15,327.09,378.10,306.27,361.45,309.78,364.13,317.13,379.27,313.90,
./P_45/1492719205697_12_-study-educational_advantages_of_social_networking_sites_writing_frames/1491424569345.png,1491424569345,0.6457439661026001,0.8142277002334595,0.6444878578186035,0.7356649041175842,0.2703125,0.1775,268.65,314.90,271.17,336.83,278.21,359.61,287.40,382.89,299.82,400.68,314.48,414.69,330.56,426.62,349.74,428.93,370.71,421.94,389.85,406.35,406.22,388.48,417.63,366.44,421.46,339.47,421.54,314.40,416.59,291.56,391.91,294.80,378.53,296.10,362.91,302.26,350.82,308.36,281.04,313.35,290.83,310.88,306.30,311.78,319.14,313.74,292.16,326.58,304.29,319.87,319.51,324.80,305.75,330.32,306.01,323.76,385.06,311.49,369.84,309.03,357.41,318.87,372.49,319.64,371.39,313.09,335.76,320.82,323.88,356.15,320.44,366.43,326.62,372.74,341.69,376.46,358.20,368.25,362.94,360.18,355.23,351.39,337.05,345.92,328.85,372.35,352.83,368.10,318.07,391.90,327.03,389.35,336.22,388.25,343.21,388.92,350.15,386.16,360.89,384.39,373.79,383.71,366.43,393.14,357.29,400.00,345.25,403.59,333.81,403.61,325.08,399.14,331.09,393.66,343.89,393.37,357.83,389.50,357.96,389.36,344.00,393.38,331.30,393.23,338.67,368.92,296.90,322.19,313.02,320.32,313.05,328.10,298.23,329.52,378.31,308.74,361.73,312.52,364.56,319.86,379.55,316.46,
./P_45/1492719205697_12_-study-educational_advantages_of_social_networking_sites_writing_frames/1491424569578.png,1491424569578,0.6493065357208252,0.8114383816719055,0.6894843578338623,0.8562583327293396,0.3796875,0.1875,267.88,312.29,270.35,334.99,277.87,358.27,287.51,381.82,300.66,399.88,315.70,414.69,331.59,427.89,350.61,430.71,371.28,424.45,389.70,408.32,405.20,389.52,416.53,366.81,420.94,339.34,421.91,314.18,418.33,291.75,393.70,297.26,379.70,300.52,365.03,307.80,353.08,313.95,281.66,310.48,292.90,310.78,307.78,314.29,320.40,317.54,290.82,324.70,303.53,318.99,319.39,324.69,304.36,329.23,304.60,322.60,387.24,313.28,371.47,311.05,358.51,320.57,374.05,321.19,372.40,314.73,337.50,323.18,324.97,359.34,322.04,369.22,327.81,375.53,343.59,380.68,359.86,372.10,364.63,364.19,358.20,355.31,339.31,349.46,330.03,375.71,355.77,372.26,319.25,394.74,327.47,391.72,337.10,390.78,344.53,391.61,352.09,389.06,362.85,387.89,374.21,388.66,366.83,397.23,357.77,403.47,346.18,406.35,334.90,405.95,326.44,401.55,332.07,395.97,345.08,396.18,358.77,393.00,359.10,392.58,345.33,396.35,332.05,395.58,341.26,373.80,295.66,320.73,312.74,319.76,312.11,327.51,296.79,328.00,380.33,310.68,363.00,314.23,365.99,321.38,381.44,318.19,
./P_45/1492719205697_12_-study-educational_advantages_of_social_networking_sites_writing_frames/1491424569678.png,1491424569678,0.6342180967330933,0.9220516681671143,0.6312000155448914,0.8080151081085205,0.39114583333333336,0.16833333333333333,267.47,310.52,269.86,333.45,277.39,357.12,287.13,381.29,300.57,399.96,315.92,415.39,332.05,429.19,351.34,432.17,372.19,426.06,390.49,409.58,405.80,390.31,417.09,367.16,421.54,339.24,422.82,313.92,419.57,291.43,394.74,298.85,380.42,303.07,365.97,310.73,354.05,316.76,282.06,310.28,293.96,311.80,308.71,316.22,321.22,319.78,290.66,323.93,303.71,318.72,319.71,324.46,304.22,328.57,304.51,322.02,388.50,313.81,372.56,311.78,359.26,320.90,375.02,321.45,373.36,315.11,338.27,324.00,325.21,360.01,322.56,369.83,328.16,376.17,344.08,381.83,360.42,373.11,365.19,365.25,359.33,356.26,340.06,350.52,330.29,376.56,356.71,373.40,320.02,395.80,327.75,392.44,337.46,391.49,345.13,392.40,352.92,389.90,363.80,388.97,374.62,390.48,367.31,398.67,358.27,404.61,346.77,407.19,335.56,406.70,327.25,402.41,332.71,396.75,345.77,397.13,359.45,394.21,359.74,393.47,345.93,397.15,332.47,396.15,341.96,375.21,295.63,320.20,313.07,319.55,312.14,327.04,296.64,327.23,381.54,311.34,363.91,314.73,366.90,321.63,382.52,318.57,
./P_45/1492719205697_12_-study-educational_advantages_of_social_networking_sites_writing_frames/1491424569861.png,1491424569861,0.6465612649917603,0.8249660730361938,0.6621420979499817,0.8832716941833496,0.2942708333333333,0.14583333333333334,267.67,307.58,269.44,330.72,276.23,355.29,285.61,381.43,299.35,401.63,315.32,418.30,332.25,433.15,352.77,436.33,374.67,429.82,392.84,412.31,407.95,392.21,418.86,368.38,422.63,339.58,423.74,314.01,420.44,291.13,397.23,303.04,382.57,307.02,366.87,313.96,354.34,319.19,282.53,312.61,294.99,314.49,310.55,318.58,323.33,321.62,291.40,323.17,304.82,318.52,320.62,323.74,304.97,327.49,305.11,321.24,389.80,314.39,373.84,312.54,360.19,320.63,375.92,321.32,374.59,315.23,339.20,323.87,325.53,359.59,322.78,369.77,328.31,376.26,344.26,382.24,360.88,373.53,365.70,365.59,360.06,356.24,340.74,350.78,330.30,376.91,357.37,374.04,320.75,395.91,328.53,392.67,338.07,392.07,345.85,393.11,353.69,390.64,364.62,389.56,375.65,391.18,368.56,399.10,359.45,404.89,347.66,407.28,336.28,406.70,328.04,402.46,333.63,396.80,346.81,397.52,360.63,394.63,360.60,393.91,346.70,397.65,333.16,396.26,342.33,375.94,296.66,319.74,314.07,319.24,312.95,326.05,297.47,326.18,382.73,312.12,365.14,314.98,367.84,321.37,383.51,318.67,
./P_45/1492719205697_12_-study-educational_advantages_of_social_networking_sites_writing_frames/1491424569954.png,1491424569954,0.6494280099868774,0.81011962890625,0.6672661304473877,0.8902345299720764,0.28177083333333336,0.2633333333333333,267.80,306.70,268.94,329.87,275.23,354.90,284.54,381.91,298.63,403.01,315.06,420.56,332.34,436.15,353.14,439.37,375.22,432.80,393.35,414.51,408.62,393.62,419.66,369.09,423.32,339.72,424.11,313.87,420.38,290.99,398.52,304.25,383.88,307.68,367.48,314.34,354.53,319.49,282.23,313.57,294.72,315.05,310.89,318.85,324.06,321.80,291.67,323.01,305.25,318.48,321.03,323.37,305.36,327.03,305.47,321.02,390.21,314.52,374.24,312.70,360.42,320.36,376.15,321.07,374.93,315.21,339.58,323.58,325.55,359.01,322.78,369.30,328.32,375.91,344.44,382.04,361.19,373.24,366.00,365.21,360.45,355.74,341.07,350.47,330.45,376.77,357.63,374.00,320.72,395.69,328.58,392.34,338.16,391.79,346.03,392.87,353.94,390.39,364.89,389.29,375.92,391.07,368.90,399.06,359.81,404.93,347.86,407.34,336.30,406.72,328.01,402.37,333.67,396.78,347.04,397.64,361.00,394.63,360.91,393.66,346.87,397.45,333.16,395.96,342.59,375.69,297.09,319.66,314.44,319.07,313.35,325.61,297.83,325.80,383.08,312.31,365.53,314.93,368.07,321.10,383.79,318.56,
./P_45/1492719205697_12_-study-educational_advantages_of_social_networking_sites_writing_frames/1491424570045.png,1491424570045,0.6520398259162903,0.7772904634475708,0.6417773365974426,0.7442038059234619,0.36822916666666666,0.27416666666666667,268.39,306.36,269.20,329.79,275.22,355.14,284.41,382.53,298.63,404.16,315.12,422.38,332.30,438.71,353.20,442.09,375.43,435.62,393.67,416.82,409.21,395.24,420.60,369.97,424.30,339.96,424.79,313.76,420.71,290.83,399.59,304.95,384.89,308.13,368.06,314.75,354.80,319.98,281.76,314.31,294.21,315.39,310.93,319.09,324.45,322.14,291.94,322.51,305.63,317.87,321.49,322.81,305.76,326.33,305.92,320.40,390.61,314.32,374.54,312.33,360.61,319.98,376.40,320.63,375.28,314.83,339.87,323.33,325.65,358.60,323.01,368.91,328.51,375.65,344.63,381.95,361.41,373.09,366.22,364.98,360.81,355.40,341.29,350.26,330.66,376.72,357.90,374.03,320.75,395.57,328.50,391.96,338.18,391.43,346.14,392.55,354.15,390.08,365.14,389.03,376.04,391.18,369.04,399.20,359.95,405.08,347.90,407.48,336.21,406.80,327.94,402.34,333.57,396.88,347.10,397.87,361.22,394.82,361.12,393.35,346.93,397.16,333.06,395.59,342.80,375.61,297.43,319.07,314.86,318.44,313.79,324.97,298.17,325.17,383.43,312.00,365.79,314.52,368.29,320.67,384.11,318.22,
./P_45/1492719205697_12_-study-educational_advantages_of_social_networking_sites_writing_frames/1491424570140.png,1491424570140,0.6574207544326782,0.7890924215316772,0.630460262298584,0.7854859232902527,0.3020833333333333,0.30833333333333335,269.35,306.62,269.91,330.17,275.86,355.53,284.98,382.93,299.18,404.79,315.61,423.40,332.56,440.15,353.24,443.59,375.46,437.42,394.00,418.50,409.94,396.48,421.71,370.64,425.57,340.13,425.93,313.76,421.58,290.94,400.41,305.49,385.50,308.63,368.51,315.20,355.04,320.40,281.89,314.79,294.24,315.75,311.10,319.38,324.80,322.41,292.14,322.43,305.83,318.06,321.78,322.50,305.97,325.88,306.14,320.28,391.16,314.41,374.96,312.66,360.95,319.83,376.79,320.33,375.71,314.86,340.15,323.20,325.69,358.28,323.28,368.55,328.70,375.32,344.90,381.76,361.82,372.83,366.62,364.71,361.37,355.08,341.49,349.98,330.89,376.50,358.24,373.83,321.02,395.58,328.46,391.61,338.17,391.00,346.24,392.15,354.44,389.66,365.48,388.77,376.19,391.38,369.03,399.20,359.90,404.91,347.90,407.20,336.28,406.54,328.12,402.17,333.58,396.66,347.14,397.69,361.33,394.68,361.32,393.03,347.02,396.82,333.08,395.23,342.99,375.31,297.68,319.19,315.02,318.43,313.99,324.59,298.40,324.84,383.87,312.28,366.24,314.67,368.68,320.40,384.51,318.07,
./P_45/1492719205697_12_-study-educational_advantages_of_social_networking_sites_writing_frames/1491424570235.png,1491424570235,0.6632441282272339,0.7613422870635986,0.682981014251709,0.8021836280822754,0.23697916666666666,0.13333333333333333,270.31,306.91,270.88,330.78,276.91,356.21,285.97,383.57,299.98,405.29,316.12,423.78,332.61,440.55,353.24,444.21,375.69,438.07,394.55,419.30,410.80,397.35,422.84,371.39,426.87,340.61,427.27,314.06,422.94,291.03,401.05,305.78,386.12,308.89,369.01,315.45,355.55,320.64,282.58,314.87,294.66,315.86,311.53,319.47,325.18,322.56,292.66,322.37,306.21,317.86,322.18,322.48,306.44,325.95,306.56,320.21,391.68,314.54,375.36,312.61,361.52,319.95,377.28,320.55,376.19,314.94,340.56,323.17,326.10,358.04,323.53,368.48,329.00,375.37,345.21,381.78,362.28,372.98,367.18,364.72,361.65,354.90,341.77,349.94,331.15,376.48,358.57,373.82,321.36,395.90,328.90,392.26,338.47,391.75,346.43,392.94,354.58,390.46,365.50,389.58,376.39,391.87,369.10,399.58,359.88,405.17,347.91,407.40,336.37,406.73,328.30,402.41,333.78,396.94,347.18,397.97,361.31,395.05,361.40,393.83,347.20,397.62,333.41,395.93,343.17,375.26,298.10,319.02,315.43,318.29,314.44,324.61,298.86,324.84,384.34,312.27,366.67,314.70,369.16,320.56,385.01,318.25,
./P_45/1492719205697_12_-study-educational_advantages_of_social_networking_sites_writing_frames/1491424570328.png,1491424570328,0.6703575253486633,0.8335360884666443,0.6464478969573975,0.7500837445259094,0.26927083333333335,0.18,270.77,307.31,271.24,331.37,277.39,356.84,286.50,384.19,300.51,405.75,316.61,424.00,333.00,440.45,353.39,444.11,375.80,438.17,395.02,419.69,411.49,397.83,423.64,371.88,427.85,341.11,428.41,314.54,424.14,291.52,401.63,306.18,386.55,309.39,369.58,315.87,356.16,320.95,283.37,314.72,295.57,315.88,312.26,319.56,325.82,322.68,293.25,322.45,306.77,318.15,322.79,322.59,306.99,326.00,307.08,320.36,392.26,315.02,375.91,313.22,362.05,320.29,377.82,320.90,376.73,315.39,341.17,323.32,326.63,358.24,324.23,368.60,329.63,375.41,345.66,381.79,362.59,373.19,367.52,365.03,362.19,355.23,342.30,349.99,331.77,376.47,358.90,373.94,321.98,396.16,329.22,392.11,338.80,391.48,346.74,392.72,354.92,390.25,365.86,389.61,376.51,392.40,369.21,400.15,360.05,405.73,348.20,407.86,336.79,407.15,328.86,402.75,334.19,397.20,347.49,398.28,361.51,395.44,361.65,393.80,347.50,397.38,333.79,395.78,343.61,375.19,298.69,319.25,315.99,318.53,314.99,324.71,299.45,324.90,384.88,312.86,367.24,315.20,369.71,320.91,385.55,318.68,
./P_45/1492719205697_12_-study-educational_advantages_of_social_networking_sites_writing_frames/1491424570510.png,1491424570510,0.6588056087493896,0.842326283454895,0.6570130586624146,0.8937401175498962,0.2947916666666667,0.16333333333333333,270.68,307.89,271.06,332.13,277.01,357.82,286.16,385.38,300.30,406.91,316.57,424.82,333.28,440.69,353.85,444.11,376.39,438.10,395.70,419.89,412.46,398.49,424.77,372.92,429.00,342.50,429.56,315.85,424.98,292.36,402.37,305.41,387.40,308.18,370.09,314.54,356.55,319.74,283.75,314.84,296.11,315.32,313.26,318.67,327.04,321.74,294.33,322.49,308.08,317.65,324.02,322.48,308.34,326.14,308.57,320.21,393.20,314.60,376.96,312.31,362.93,319.87,378.81,320.69,377.93,314.85,341.86,322.37,327.23,357.73,324.50,368.31,330.09,375.18,345.93,381.09,363.02,372.83,368.02,364.63,362.40,354.74,342.74,349.09,332.29,375.92,358.99,373.37,322.21,395.70,329.85,391.64,339.43,390.87,347.33,392.14,355.37,389.65,366.46,388.98,377.63,391.67,370.18,399.34,360.95,404.89,348.91,407.08,337.42,406.48,329.32,402.18,334.78,396.42,348.15,397.29,362.38,394.50,362.42,393.42,348.07,396.96,334.38,395.48,343.87,374.18,299.89,318.95,317.32,318.13,316.38,324.72,300.65,325.06,385.92,312.10,368.17,314.43,370.62,320.64,386.59,318.38,
./P_45/1492719205697_12_-study-educational_advantages_of_social_networking_sites_writing_frames/1491424570604.png,1491424570604,0.664843738079071,0.8291301131248474,0.6396677494049072,0.8437805771827698,0.21614583333333334,0.3175,271.06,309.05,271.14,332.86,276.72,358.35,285.92,385.71,300.16,407.19,316.58,424.87,333.39,440.51,353.73,443.71,376.03,437.62,395.39,419.49,412.64,398.47,425.31,373.22,429.67,343.25,429.95,316.75,424.78,293.28,402.37,304.45,387.71,306.03,369.78,312.17,355.96,317.73,283.79,315.31,295.64,314.42,313.34,317.15,327.45,320.20,295.07,323.62,308.78,318.19,324.58,323.14,309.25,327.33,309.60,321.21,393.14,314.73,377.03,312.03,363.02,319.99,378.84,321.16,378.04,315.09,341.73,321.58,327.10,356.89,323.80,367.63,329.61,374.63,345.55,379.97,363.11,371.95,368.18,363.59,361.84,353.72,342.36,347.96,332.11,375.09,358.36,372.33,321.67,394.79,329.96,391.18,339.47,390.31,347.24,391.57,355.06,389.00,366.29,388.19,378.33,390.13,370.76,398.18,361.37,404.06,348.98,406.51,337.25,405.98,328.91,401.52,334.68,395.70,348.13,396.36,362.64,393.43,362.60,393.08,348.01,396.70,334.34,395.39,343.30,372.58,300.65,319.76,317.94,318.67,317.25,325.68,301.46,326.31,385.92,311.97,368.24,314.32,370.59,321.03,386.63,318.72,
./P_45/1492719205697_12_-study-educational_advantages_of_social_networking_sites_writing_frames/1491424570705.png,1491424570705,0.6592898368835449,0.8527646064758301,0.6324240565299988,0.8130702972412109,0.4078125,0.18833333333333332,270.80,309.94,270.97,333.73,276.53,359.22,285.78,386.30,299.95,407.46,316.33,424.56,333.17,439.60,353.53,442.73,375.84,436.49,395.18,418.84,412.51,398.46,425.15,373.68,429.49,344.14,429.72,317.65,424.46,293.99,401.89,303.69,387.38,304.87,369.30,311.15,355.59,317.02,283.55,315.12,295.17,313.82,312.95,316.53,327.01,319.75,294.93,324.34,308.57,318.50,324.36,323.70,309.15,328.17,309.54,321.87,392.87,314.94,376.79,311.93,362.82,320.28,378.60,321.62,377.80,315.37,341.31,321.49,326.82,355.97,323.14,366.78,329.06,373.77,344.98,378.78,362.72,370.92,367.84,362.53,361.06,352.73,341.82,347.18,331.73,374.04,357.59,371.18,320.91,393.57,329.71,390.25,339.24,389.37,346.88,390.57,354.55,388.01,365.93,387.08,378.62,388.54,370.97,396.96,361.43,403.04,348.78,405.65,336.84,405.14,328.32,400.59,334.33,394.95,347.90,395.50,362.62,392.50,362.46,392.11,347.69,395.76,333.99,394.56,342.63,371.12,300.45,320.24,317.74,319.08,317.16,326.39,301.33,327.15,385.68,311.98,367.99,314.40,370.31,321.45,386.40,319.09,
./P_45/1492719205697_12_-study-educational_advantages_of_social_networking_sites_writing_frames/1491424570892.png,1491424570892,0.6580361127853394,0.8608569502830505,0.6701098084449768,0.9209505319595337,0.4484375,0.18666666666666668,270.86,312.05,271.25,335.66,276.81,360.69,285.84,386.89,299.67,407.38,315.87,423.62,332.71,437.67,353.04,440.56,375.39,434.32,394.92,417.33,411.93,397.59,423.99,373.41,428.00,344.84,428.07,318.86,422.94,295.42,400.00,302.82,385.66,303.80,368.09,310.01,354.75,315.84,283.29,314.46,294.77,312.85,312.17,315.43,325.94,318.63,294.45,324.76,307.85,318.62,323.61,323.93,308.57,328.45,308.95,322.22,391.59,315.19,375.68,311.94,361.82,320.49,377.52,321.81,376.69,315.62,340.46,321.25,326.29,354.87,322.57,365.53,328.45,372.33,344.25,376.86,361.79,369.42,366.87,361.16,360.00,351.58,341.01,345.88,331.31,372.14,356.50,369.29,319.55,392.27,328.50,388.49,338.32,387.34,345.96,388.46,353.63,385.94,365.21,385.19,378.04,386.98,370.30,395.44,360.65,401.44,347.85,404.08,335.74,403.66,327.06,399.27,333.12,393.79,346.96,394.15,361.88,391.20,361.70,390.13,346.76,393.59,332.81,392.69,341.87,368.82,299.81,320.51,316.99,319.27,316.50,326.66,300.81,327.51,384.51,312.09,366.95,314.53,369.27,321.66,385.23,319.32,
./P_45/1492719205697_12_-study-educational_advantages_of_social_networking_sites_writing_frames/1491424570989.png,1491424570989,0.6493124961853027,0.8089550733566284,0.6463316679000854,0.8307693004608154,0.4265625,0.1,271.22,312.44,271.46,336.04,276.95,360.83,285.94,386.70,299.71,406.87,315.88,422.87,332.62,436.72,352.75,439.60,374.93,433.51,394.46,416.68,411.36,397.02,423.26,372.95,427.23,344.64,427.21,318.95,422.02,295.82,398.93,302.68,384.82,303.55,367.50,309.42,354.27,314.97,283.60,313.85,294.93,312.11,312.16,314.47,325.80,317.52,294.62,324.29,307.85,318.30,323.41,323.44,308.57,327.87,308.92,321.81,390.76,315.18,375.05,311.99,361.37,320.23,376.85,321.57,376.06,315.55,340.24,320.68,326.27,354.17,322.44,364.79,328.30,371.55,344.13,376.06,361.57,368.74,366.67,360.53,359.74,350.97,340.88,345.15,331.28,371.32,356.31,368.57,319.18,391.34,328.28,387.68,338.13,386.60,345.72,387.73,353.38,385.26,364.85,384.52,377.61,386.24,369.86,394.59,360.20,400.51,347.50,403.08,335.42,402.62,326.71,398.27,332.78,392.89,346.62,393.28,361.45,390.41,361.30,389.42,346.50,392.81,332.55,391.88,341.81,367.93,299.94,320.14,316.85,318.92,316.38,326.12,300.92,326.94,383.74,312.15,366.48,314.47,368.73,321.39,384.44,319.17,
./P_45/1492719205697_12_-study-educational_advantages_of_social_networking_sites_writing_frames/1491424571084.png,1491424571084,0.6555535197257996,0.7807294726371765,0.6281238794326782,0.776271641254425,0.19427083333333334,0.035833333333333335,271.71,312.56,271.73,336.00,277.14,360.54,286.12,386.02,299.88,406.07,316.09,422.01,332.80,435.81,352.66,438.63,374.50,432.75,393.94,416.08,410.74,396.47,422.60,372.48,426.66,344.39,426.60,318.94,421.34,296.09,398.17,302.40,384.16,303.15,367.08,308.88,353.95,314.35,284.21,313.10,295.41,311.33,312.40,313.66,325.93,316.72,294.98,323.74,308.04,317.78,323.50,322.91,308.76,327.29,309.07,321.31,390.03,314.98,374.43,311.74,360.90,319.89,376.21,321.26,375.36,315.33,340.21,320.05,326.42,353.41,322.67,363.93,328.45,370.63,344.22,375.00,361.44,367.90,366.50,359.77,359.69,350.27,340.95,344.24,331.55,370.26,356.21,367.61,319.29,390.69,328.17,386.72,338.06,385.46,345.64,386.60,353.31,384.13,364.72,383.64,377.15,385.75,369.50,394.09,359.96,400.00,347.39,402.51,335.37,402.04,326.73,397.65,332.72,392.27,346.52,392.67,361.22,389.86,361.11,388.49,346.42,391.72,332.48,390.90,341.96,366.73,300.22,319.61,316.98,318.40,316.52,325.58,301.20,326.37,383.06,311.94,365.95,314.17,368.18,321.06,383.75,318.92,
./P_45/1492719205697_12_-study-educational_advantages_of_social_networking_sites_writing_frames/1491424571176.png,1491424571176,0.6565314531326294,0.8183293342590332,0.6829494833946228,0.8833925127983093,0.21458333333333332,-0.13916666666666666,272.04,312.24,271.99,335.65,277.35,360.09,286.26,385.45,299.96,405.33,316.16,421.10,332.91,434.71,352.77,437.54,374.48,431.65,393.72,415.22,410.29,395.87,422.00,372.18,426.01,344.27,425.96,318.94,420.71,296.10,397.49,302.20,383.75,302.93,366.87,308.44,353.93,313.71,284.89,312.56,295.91,310.89,312.68,313.09,325.99,316.03,295.53,323.23,308.43,317.23,323.64,322.50,309.13,326.86,309.37,320.83,389.42,314.70,374.02,311.37,360.73,319.55,375.80,321.00,374.96,315.02,340.29,319.67,326.79,352.93,322.91,363.48,328.70,370.18,344.36,374.50,361.37,367.50,366.43,359.38,359.56,349.86,341.12,343.84,331.82,369.78,356.24,367.19,319.53,390.04,328.59,386.42,338.33,385.29,345.80,386.44,353.33,384.00,364.51,383.41,376.91,385.18,369.34,393.37,359.87,399.19,347.46,401.66,335.56,401.18,326.95,396.87,332.95,391.56,346.61,391.96,361.11,389.21,360.98,388.21,346.55,391.43,332.79,390.56,342.17,366.28,300.69,319.06,317.25,317.93,316.78,325.16,301.66,325.89,382.55,311.61,365.66,313.83,367.87,320.77,383.24,318.65,
./P_45/1492719205697_12_-study-educational_advantages_of_social_networking_sites_writing_frames/1491424571272.png,1491424571272,0.6518036723136902,0.8153316974639893,0.6416392922401428,0.8228065967559814,0.240625,-0.5691666666666667,271.83,311.92,271.95,335.29,277.41,359.68,286.28,385.01,299.84,404.79,315.99,420.38,332.88,433.70,352.87,436.49,374.53,430.51,393.57,414.29,409.82,395.22,421.22,371.82,425.14,344.10,425.26,318.84,420.20,295.92,396.95,301.82,383.32,302.81,366.80,308.24,354.09,313.33,285.33,312.18,296.45,310.77,312.91,312.96,325.98,315.72,295.66,323.05,308.53,317.16,323.63,322.36,309.17,326.70,309.40,320.70,389.25,314.46,374.01,311.23,360.76,319.33,375.78,320.76,374.96,314.82,340.39,319.55,326.99,352.77,323.14,363.31,328.92,369.94,344.51,374.19,361.34,367.24,366.36,359.20,359.57,349.70,341.30,343.64,331.99,369.40,356.34,366.82,319.77,390.01,328.78,386.37,338.51,385.20,345.97,386.31,353.46,383.89,364.56,383.32,376.79,385.09,369.31,393.24,359.94,399.01,347.64,401.47,335.80,401.03,327.18,396.79,333.20,391.50,346.79,391.87,361.14,389.13,361.00,388.00,346.71,391.19,333.02,390.37,342.41,365.99,300.81,318.95,317.30,317.87,316.78,325.00,301.76,325.71,382.47,311.44,365.69,313.68,367.90,320.53,383.15,318.40,
./P_45/1492719205697_12_-study-educational_advantages_of_social_networking_sites_writing_frames/1491424571452.png,1491424571452,0.6529632806777954,0.8260105848312378,0.642163097858429,0.8114944696426392,0.32447916666666665,0.23333333333333334,271.34,311.64,271.70,334.71,277.11,358.90,285.84,384.24,299.28,404.07,315.37,419.71,332.45,432.98,352.69,435.64,374.44,429.44,393.22,412.99,409.19,393.91,420.28,370.73,423.99,343.42,424.15,318.44,419.35,295.62,396.99,301.15,383.41,302.12,366.81,307.67,354.09,312.85,285.06,312.10,296.40,310.64,312.93,312.82,326.05,315.51,295.34,322.93,308.30,316.93,323.44,322.15,308.95,326.57,309.19,320.50,389.34,313.76,374.15,310.54,360.81,318.79,375.92,320.18,375.06,314.16,340.34,319.20,326.85,352.61,322.98,363.15,328.82,369.78,344.45,373.89,361.25,366.91,366.21,358.89,359.44,349.43,341.28,343.33,331.78,369.10,356.31,366.41,319.86,389.97,328.82,386.19,338.53,384.92,345.98,385.98,353.42,383.54,364.51,382.95,376.66,384.76,369.29,392.80,360.01,398.53,347.72,401.07,335.92,400.71,327.27,396.60,333.32,391.16,346.85,391.42,361.13,388.61,361.00,387.70,346.72,390.93,333.11,390.19,342.39,365.75,300.52,318.77,317.11,317.63,316.58,324.81,301.49,325.61,382.62,310.72,365.75,313.06,368.01,319.98,383.30,317.75,
./P_45/1492719205697_12_-study-educational_advantages_of_social_networking_sites_writing_frames/1491424573910.png,1491424573910,0.7150496244430542,0.664779007434845,0.6752375364303589,0.6543155908584595,0.234375,0.30083333333333334,267.49,313.86,268.98,336.88,275.74,361.40,284.75,386.76,297.75,405.80,313.13,421.27,329.73,434.99,349.21,438.34,370.81,432.49,390.78,416.11,407.40,397.15,419.23,374.20,424.06,346.16,425.73,320.46,422.75,297.98,399.48,304.03,385.38,304.43,369.02,309.47,355.62,314.39,280.83,313.72,292.04,312.09,307.92,314.21,321.51,316.95,291.34,330.07,304.68,324.92,320.89,330.56,305.30,335.31,305.72,328.67,391.12,321.76,375.18,319.17,361.21,327.72,377.21,329.49,375.82,322.98,339.46,328.24,325.42,367.43,321.90,377.43,327.68,384.02,343.69,389.55,360.75,381.62,365.97,373.71,359.62,364.52,340.45,356.33,330.23,383.96,356.25,381.42,317.82,402.61,327.20,400.51,337.05,400.11,344.58,401.25,352.34,398.91,363.38,397.86,375.71,398.17,367.90,407.00,358.29,413.42,345.90,416.17,333.96,415.23,325.23,410.14,331.41,404.02,345.02,404.80,359.43,401.87,359.68,402.87,345.25,406.04,331.54,404.99,341.59,382.11,296.70,326.47,314.00,325.80,313.40,333.65,297.46,333.80,384.02,319.17,366.42,321.83,368.87,329.29,385.00,326.69,
./P_45/1492719205697_12_-study-educational_advantages_of_social_networking_sites_writing_frames/1491424574362.png,1491424574362,0.710334300994873,0.6812582015991211,0.7185399532318115,0.7315090894699097,0.29739583333333336,0.20333333333333334,266.28,312.69,267.87,335.88,274.76,360.52,283.95,386.05,297.15,405.02,312.75,420.28,329.52,433.74,349.17,436.95,370.97,430.88,390.98,414.43,407.58,395.48,419.25,372.52,423.83,344.43,425.35,318.63,422.18,295.93,398.69,302.10,384.58,302.42,368.01,307.42,354.56,312.35,279.68,312.43,290.88,310.61,306.95,312.50,320.62,315.10,290.41,328.69,303.76,323.36,319.99,328.99,304.45,333.93,304.81,327.18,390.39,319.82,374.39,317.21,360.45,325.91,376.47,327.72,375.10,321.09,338.54,326.37,324.75,365.85,321.12,376.04,327.02,382.66,343.06,388.00,360.19,380.06,365.45,372.03,358.85,362.77,339.65,354.61,329.57,382.49,355.61,379.81,317.25,401.19,326.86,399.29,336.63,398.92,344.11,400.04,351.78,397.64,362.79,396.46,375.42,396.39,367.55,405.11,357.89,411.48,345.49,414.28,333.56,413.43,324.78,408.51,330.97,402.23,344.55,402.88,358.95,399.93,359.20,401.58,344.83,404.86,331.17,403.83,340.90,380.49,295.76,324.98,313.08,324.22,312.55,332.16,296.57,332.43,383.25,317.20,365.64,319.94,368.11,327.51,384.29,324.83,
./P_45/1492719205697_12_-study-educational_advantages_of_social_networking_sites_writing_frames/1491424574462.png,1491424574462,0.6836166381835938,0.7282285094261169,0.7108163833618164,0.7170332670211792,0.36614583333333334,0.31,266.14,312.41,267.80,335.59,274.75,360.21,284.02,385.61,297.20,404.48,312.71,419.69,329.37,433.20,348.89,436.49,370.57,430.45,390.53,414.01,407.09,395.03,418.78,372.05,423.41,343.97,424.93,318.20,421.77,295.63,398.25,301.67,384.20,301.99,367.73,307.07,354.32,312.08,279.34,311.93,290.47,310.06,306.52,312.04,320.16,314.78,290.18,328.46,303.50,323.16,319.72,328.83,304.20,333.77,304.60,327.01,390.10,319.73,374.14,317.11,360.21,325.81,376.21,327.65,374.83,321.03,338.24,326.26,324.50,365.52,320.85,375.65,326.72,382.25,342.74,387.66,359.88,379.69,365.14,371.68,358.53,362.47,339.33,354.39,329.30,382.14,355.29,379.49,317.11,400.71,326.69,398.86,336.44,398.49,343.89,399.62,351.54,397.25,362.57,396.08,375.17,396.01,367.42,404.96,357.78,411.50,345.35,414.33,333.39,413.40,324.63,408.29,330.84,402.14,344.40,402.90,358.79,399.91,358.98,401.19,344.62,404.43,330.97,403.41,340.57,380.16,295.51,324.77,312.82,324.05,312.30,332.01,296.32,332.25,382.98,317.11,365.40,319.84,367.86,327.43,384.02,324.76,
./P_45/1492719205697_12_-study-educational_advantages_of_social_networking_sites_writing_frames/1491424574559.png,1491424574559,0.7004043459892273,0.6766168475151062,0.7033044695854187,0.711510956287384,0.29583333333333334,0.255,266.05,312.18,267.73,335.26,274.69,359.74,283.97,385.08,297.12,404.01,312.59,419.36,329.19,432.97,348.65,436.20,370.23,430.15,390.07,413.62,406.61,394.54,418.31,371.50,422.95,343.41,424.43,317.69,421.21,295.12,397.82,301.17,383.76,301.57,367.33,306.63,353.92,311.62,279.17,311.83,290.24,310.00,306.20,311.87,319.84,314.46,289.92,327.98,303.20,322.72,319.38,328.20,303.89,333.09,304.28,326.45,389.63,318.88,373.68,316.40,359.80,325.02,375.77,326.70,374.39,320.20,337.87,325.67,324.11,365.02,320.58,375.15,326.44,381.75,342.49,387.15,359.64,379.07,364.84,371.06,358.28,361.84,338.99,353.83,328.96,381.65,355.06,378.88,316.99,400.45,326.37,398.45,336.10,398.03,343.62,399.13,351.34,396.72,362.36,395.53,374.83,395.57,367.08,404.41,357.46,410.89,345.09,413.73,333.20,412.88,324.45,407.87,330.59,401.71,344.13,402.40,358.51,399.37,358.73,400.60,344.35,403.92,330.72,402.92,340.28,379.67,295.24,324.33,312.48,323.53,311.95,331.34,296.06,331.64,382.50,316.34,364.97,319.12,367.45,326.54,383.54,323.83,
./P_45/1492719205697_12_-study-educational_advantages_of_social_networking_sites_writing_frames/1491424574741.png,1491424574741,0.6965796947479248,0.6254262924194336,0.6183915138244629,0.6526989936828613,0.3729166666666667,0.26166666666666666,265.61,311.16,267.30,334.46,274.32,358.99,283.61,384.38,296.77,403.26,312.25,418.45,328.86,431.84,348.38,435.04,370.00,429.01,389.77,412.67,406.17,393.72,417.74,370.78,422.33,342.71,423.90,317.00,420.73,294.28,397.21,300.28,383.12,300.68,366.74,305.58,353.36,310.38,279.00,310.60,290.20,308.80,306.12,310.60,319.70,313.09,289.56,326.57,302.85,321.33,319.01,326.79,303.52,331.65,303.86,325.04,389.16,317.72,373.24,315.20,359.34,323.72,375.30,325.45,373.95,318.96,337.51,324.12,323.81,363.60,320.28,373.80,326.14,380.38,342.14,385.62,359.21,377.77,364.42,369.78,357.91,360.48,338.67,352.23,328.66,380.04,354.67,377.36,316.70,399.44,326.00,397.25,335.73,396.71,343.28,397.82,351.01,395.43,362.01,394.39,374.36,394.68,366.61,403.35,357.04,409.69,344.73,412.44,332.89,411.61,324.17,406.72,330.27,400.48,343.78,401.15,358.09,398.21,358.32,399.42,344.01,402.63,330.39,401.68,339.97,378.02,294.89,322.92,312.13,322.14,311.58,329.91,295.69,330.20,382.04,315.16,364.52,317.87,366.99,325.26,383.07,322.62,
./P_45/1492719205697_12_-study-educational_advantages_of_social_networking_sites_writing_frames/1491424574831.png,1491424574831,0.7294437289237976,0.6277150511741638,0.7341549396514893,0.6592007279396057,0.315625,0.17916666666666667,265.75,310.69,267.41,334.07,274.37,358.69,283.57,384.07,296.63,402.84,312.00,417.96,328.52,431.34,348.08,434.65,369.83,428.63,389.67,412.33,406.07,393.42,417.58,370.53,422.13,342.54,423.69,316.84,420.59,294.15,397.12,300.02,383.09,300.32,366.68,305.16,353.32,309.92,278.97,309.85,290.09,308.06,306.01,309.91,319.53,312.47,289.55,326.04,302.79,320.75,318.91,326.41,303.44,331.26,303.77,324.57,389.01,317.58,373.11,314.91,359.27,323.52,375.16,325.32,373.81,318.77,337.42,323.86,323.75,363.21,320.09,373.43,325.95,380.02,341.88,385.34,358.96,377.53,364.22,369.53,357.63,360.23,338.50,351.98,328.46,379.74,354.44,377.14,316.46,398.73,325.94,396.81,335.62,396.43,343.09,397.56,350.77,395.21,361.75,394.11,374.26,394.17,366.50,402.81,356.85,409.12,344.52,411.84,332.66,410.94,323.96,406.02,330.11,399.89,343.60,400.62,357.93,397.73,358.10,399.13,343.82,402.33,330.24,401.28,339.73,377.78,294.84,322.35,312.05,321.66,311.49,329.53,295.63,329.75,381.91,314.93,364.43,317.61,366.88,325.09,382.93,322.49,
./P_45/1492719205697_12_-study-educational_advantages_of_social_networking_sites_writing_frames/1491424575287.png,1491424575287,0.7143961191177368,0.6658540964126587,0.7475491762161255,0.6967135071754456,0.5203125,0.10333333333333333,266.43,309.43,267.42,332.74,273.48,357.52,282.20,382.18,294.90,401.08,310.19,415.91,327.04,428.58,346.85,431.62,368.86,425.78,389.16,410.51,406.09,392.67,417.95,370.53,422.69,343.63,423.91,317.78,420.11,294.37,395.59,293.74,381.52,293.11,364.76,298.65,351.71,304.38,279.29,303.89,290.14,301.28,306.30,303.76,319.62,307.17,289.72,322.97,302.81,316.09,319.04,323.24,303.72,328.69,304.32,321.33,388.33,314.22,372.47,309.91,358.47,320.07,374.47,322.55,373.14,315.29,336.47,318.82,322.87,356.60,318.43,366.99,324.48,373.65,339.94,377.70,357.31,371.13,362.77,363.10,355.39,353.77,336.89,344.99,327.39,372.41,351.74,369.86,314.34,392.52,324.35,389.94,334.17,388.77,341.38,389.82,348.74,387.57,360.32,387.07,374.00,387.68,365.79,396.25,355.87,402.41,343.04,405.22,330.90,404.40,322.06,399.70,328.47,393.58,342.16,393.88,357.01,391.26,356.96,392.59,342.18,395.37,328.56,394.82,337.53,368.86,294.73,318.24,312.27,317.49,311.90,326.70,295.72,327.14,381.46,310.46,363.56,313.13,365.97,322.10,382.41,319.58,
./P_45/1492719205697_12_-study-educational_advantages_of_social_networking_sites_writing_frames/1491424575381.png,1491424575381,0.7081502676010132,0.6832318305969238,0.618430495262146,0.6928160190582275,0.509375,0.3858333333333333,266.44,309.89,267.40,333.14,273.42,357.80,282.06,382.09,294.49,400.75,309.70,415.18,326.66,427.24,346.42,430.10,368.55,424.28,389.33,409.50,406.56,392.07,418.40,370.21,423.09,343.70,424.22,317.90,420.14,294.36,394.54,291.68,380.54,290.93,364.01,296.34,351.17,302.04,279.36,302.51,289.95,299.64,305.85,301.86,318.95,305.12,289.72,322.71,302.63,315.71,318.76,322.66,303.64,328.29,304.30,321.02,387.87,313.42,372.15,309.09,358.22,319.23,374.15,321.77,372.92,314.57,335.90,317.66,322.39,355.07,317.81,365.48,323.93,372.08,339.23,375.79,356.74,369.42,362.24,361.42,354.58,352.13,336.13,343.25,326.91,370.60,350.77,367.94,313.67,391.04,323.82,388.40,333.63,387.08,340.77,388.08,348.06,385.84,359.79,385.36,373.90,385.89,365.50,394.51,355.43,400.65,342.51,403.55,330.37,402.80,321.46,398.19,327.92,392.09,341.61,392.25,356.59,389.60,356.49,390.93,341.59,393.63,328.03,393.27,336.63,366.55,294.66,317.95,311.98,317.06,311.73,326.23,295.70,326.81,381.05,309.67,363.32,312.36,365.69,321.32,382.00,318.78,
./P_45/1492719205697_12_-study-educational_advantages_of_social_networking_sites_writing_frames/1491424575569.png,1491424575569,0.5693113803863525,0.4943375587463379,0.5635713338851929,0.5400994420051575,0.5223958333333333,0.36833333333333335,266.24,310.94,267.06,334.20,273.09,358.53,281.70,382.17,293.97,400.41,308.98,414.46,325.76,425.99,345.03,428.66,366.94,423.12,388.21,408.79,405.89,391.58,418.03,369.85,422.95,343.74,424.00,318.10,419.67,294.68,393.48,289.58,379.61,288.44,363.28,293.70,350.50,299.49,278.98,301.04,289.21,297.68,304.82,299.57,317.90,302.79,289.34,322.07,302.03,314.81,318.17,321.73,303.21,327.51,303.87,320.27,386.80,312.32,371.12,307.84,357.36,318.15,373.18,320.65,371.92,313.49,335.06,316.22,321.58,353.77,317.05,364.14,323.22,370.73,338.38,374.11,355.85,367.99,361.37,359.98,353.61,350.74,335.18,341.49,326.28,368.99,349.59,366.24,312.82,390.11,322.80,387.09,332.63,385.51,339.74,386.49,347.04,384.21,358.84,383.95,372.92,384.76,364.34,393.24,354.23,399.23,341.41,402.12,329.42,401.48,320.54,397.03,326.86,390.79,340.48,390.73,355.50,388.14,355.52,389.56,340.54,392.13,327.07,392.01,335.62,364.45,294.16,317.19,311.33,316.11,311.22,325.40,295.29,326.11,380.01,308.46,362.37,311.21,364.76,320.24,380.99,317.68,
./P_45/1492719205697_12_-study-educational_advantages_of_social_networking_sites_writing_frames/1491424575666.png,1491424575666,0.5678852200508118,0.40890324115753174,0.5184422731399536,0.4823147654533386,0.5083333333333333,0.24083333333333334,266.36,311.23,267.25,334.58,273.31,358.75,281.87,382.20,293.93,400.09,308.64,413.98,325.12,425.50,344.23,428.33,366.22,422.84,387.72,408.48,405.50,391.21,417.66,369.52,422.65,343.53,423.71,318.07,419.53,294.86,393.23,289.68,379.42,288.50,363.12,293.52,350.33,299.14,278.95,300.83,289.07,297.45,304.56,299.16,317.58,302.30,289.35,321.69,301.88,314.55,317.90,321.44,303.06,327.12,303.66,319.91,386.26,312.23,370.65,307.80,357.10,318.04,372.72,320.46,371.49,313.33,334.82,316.19,321.40,354.00,316.85,364.33,323.00,370.89,338.04,374.48,355.42,368.27,360.98,360.30,353.18,351.07,334.86,341.78,325.94,369.36,349.26,366.67,312.58,389.88,322.53,387.02,332.32,385.66,339.33,386.69,346.59,384.43,358.33,384.04,372.42,384.74,363.90,393.47,353.75,399.67,340.96,402.59,329.02,401.83,320.18,397.10,326.53,391.05,340.05,391.18,355.00,388.51,354.99,389.60,340.10,392.17,326.76,391.94,335.25,365.00,294.11,316.88,311.09,315.85,310.97,325.06,295.23,325.70,379.47,308.42,362.01,311.16,364.42,320.06,380.46,317.53,
./P_45/1492719205697_12_-study-educational_advantages_of_social_networking_sites_writing_frames/1491424575850.png,1491424575850,0.5683990716934204,0.4509245753288269,0.5160151720046997,0.5203487873077393,0.20104166666666667,0.37833333333333335,266.26,310.38,267.54,333.93,273.90,358.06,282.39,381.92,294.18,399.92,308.43,414.46,324.27,427.01,343.47,430.57,365.75,424.99,387.11,409.95,404.48,391.81,416.34,369.48,421.27,342.74,422.64,317.41,419.25,294.66,393.21,293.33,379.49,293.23,363.71,297.90,351.01,302.74,278.32,302.60,288.46,300.47,303.52,302.33,316.29,305.23,288.37,321.59,300.87,315.83,316.59,321.84,301.70,326.64,302.21,320.11,386.01,313.76,370.50,310.34,357.13,319.20,372.48,321.14,371.37,314.70,334.54,318.80,320.71,355.97,316.47,366.18,322.36,372.78,337.69,377.78,355.13,370.63,360.65,362.67,353.32,353.36,334.63,345.07,324.95,372.19,349.75,369.76,312.53,391.66,322.09,389.55,331.74,389.03,338.86,390.14,346.36,388.00,357.76,387.20,371.14,387.56,362.96,396.49,352.80,402.79,340.27,405.53,328.49,404.44,319.81,399.34,326.15,393.96,339.50,394.80,354.13,392.00,354.09,392.12,339.56,394.94,326.30,394.01,335.10,369.21,293.24,317.64,309.83,316.98,309.44,324.93,294.19,325.18,379.14,310.68,362.12,313.23,364.46,320.81,380.01,318.47,
./P_45/1492719205697_12_-study-educational_advantages_of_social_networking_sites_writing_frames/1491424575944.png,1491424575944,0.5592037439346313,0.2825672924518585,0.5090281963348389,0.31466877460479736,0.22447916666666667,0.5016666666666667,266.22,310.12,267.43,333.43,273.80,357.52,282.24,381.74,294.22,400.17,308.63,415.37,324.45,428.70,343.55,432.26,365.64,426.91,386.80,411.38,404.11,392.68,416.13,369.89,421.06,342.56,422.51,317.22,419.24,294.77,394.00,296.19,379.96,296.33,364.01,300.89,350.95,305.49,277.80,304.98,288.25,303.13,303.49,305.00,316.56,307.72,287.99,322.44,300.70,317.24,316.57,322.80,301.40,327.28,301.90,321.00,386.20,315.05,370.52,312.12,356.94,320.41,372.46,322.13,371.33,315.94,334.63,320.46,320.55,358.52,316.84,368.53,322.55,375.09,337.97,380.52,355.28,373.07,360.70,365.19,354.00,355.93,334.89,347.51,324.98,374.85,350.31,372.49,312.82,393.87,321.88,391.47,331.58,391.03,338.93,392.19,346.67,390.01,357.99,389.23,370.76,390.07,362.59,398.63,352.57,404.72,340.20,407.30,328.53,406.22,320.00,401.24,326.08,395.58,339.46,396.50,354.03,393.76,354.13,394.06,339.61,396.93,326.20,395.87,335.49,372.42,293.03,318.83,309.71,318.18,309.20,325.72,293.87,325.86,379.20,312.30,362.07,314.73,364.41,321.87,380.05,319.58,
./P_45/1492719205697_12_-study-educational_advantages_of_social_networking_sites_writing_frames/1491424576045.png,1491424576045,0.4014464020729065,0.11947757005691528,0.3134472966194153,0.19366636872291565,0.2234375,0.37583333333333335,266.41,309.79,267.52,332.92,273.90,357.08,282.32,381.63,294.47,400.38,309.03,415.94,324.80,429.87,343.83,433.55,365.83,428.36,386.94,412.50,404.27,393.52,416.47,370.41,421.54,342.54,423.11,317.12,420.08,294.93,395.44,298.87,380.94,298.82,364.52,303.46,351.07,308.09,277.72,306.82,288.48,304.98,304.13,307.06,317.56,309.94,287.86,323.73,300.77,318.73,316.98,324.27,301.44,328.79,301.91,322.41,386.98,316.93,370.98,314.10,357.13,322.23,372.92,324.11,371.64,317.85,335.14,321.98,320.92,360.69,317.46,370.57,323.05,377.11,338.57,382.59,355.82,375.27,361.21,367.46,354.85,358.21,335.52,349.45,325.49,376.88,351.02,374.66,313.24,395.98,322.03,393.23,331.83,392.66,339.25,393.90,347.10,391.70,358.41,391.18,370.81,392.52,362.71,401.14,352.82,407.33,340.43,409.82,328.66,408.68,320.29,403.50,326.28,397.51,339.71,398.54,354.23,395.87,354.47,396.11,339.93,398.83,326.38,397.79,336.18,374.70,292.99,320.22,310.00,319.61,309.44,327.25,293.77,327.29,379.81,314.26,362.35,316.58,364.70,323.80,380.71,321.57,
./P_45/1492719205697_12_-study-educational_advantages_of_social_networking_sites_writing_frames/1491424576232.png,1491424576232,0.12757860124111176,0.2705656588077545,0.03411290794610977,0.13834112882614136,0.29635416666666664,0.285,266.75,309.72,267.69,332.74,274.06,356.92,282.52,381.73,294.97,400.69,309.92,416.37,325.98,430.54,345.09,434.14,367.00,429.03,388.11,413.11,405.74,394.18,418.35,371.00,423.65,342.76,425.30,317.20,422.35,294.99,397.98,300.61,383.11,300.55,366.19,305.37,352.44,310.14,279.00,308.43,290.00,306.87,305.87,309.10,319.55,312.01,288.77,324.90,301.85,319.99,318.33,325.45,302.51,330.03,302.82,323.56,388.74,317.86,372.38,315.20,358.44,323.32,374.36,325.18,372.90,318.83,336.73,323.09,322.30,362.38,318.87,372.23,324.49,378.82,340.37,384.39,357.71,376.89,363.11,369.07,356.78,359.81,337.28,351.08,327.03,378.80,352.93,376.50,314.30,397.22,323.35,394.57,333.30,394.12,340.82,395.38,348.77,393.08,360.13,392.42,372.65,393.55,364.36,402.18,354.41,408.38,341.91,410.87,329.99,409.82,321.51,404.66,327.57,398.41,341.20,399.30,355.88,396.64,356.24,397.52,341.51,400.40,327.73,399.31,338.02,376.74,294.00,321.43,311.22,320.77,310.64,328.48,294.75,328.52,381.36,315.28,363.64,317.64,366.04,324.89,382.30,322.60,
./P_45/1492719205697_12_-study-educational_advantages_of_social_networking_sites_writing_frames/1491424576417.png,1491424576417,0.0715351477265358,0.19624266028404236,0.06770600378513336,0.2693617343902588,0.24739583333333334,0.13666666666666666,267.71,309.67,268.90,332.85,275.24,357.22,283.66,382.26,296.14,401.25,311.20,416.84,327.63,430.81,347.30,434.40,369.25,428.94,389.70,412.98,406.75,394.24,418.91,371.37,423.98,343.35,425.69,317.71,422.87,295.18,399.53,300.06,385.06,300.10,368.33,304.87,354.74,309.58,280.58,308.52,291.85,306.79,307.89,308.90,321.54,311.68,290.67,324.86,303.97,319.77,320.26,325.45,304.56,330.00,304.92,323.47,390.75,317.52,374.68,314.72,360.65,323.05,376.61,324.89,375.27,318.47,338.91,323.04,324.56,362.24,320.85,372.20,326.59,378.82,342.65,384.38,359.87,376.75,365.22,368.94,358.79,359.65,339.64,351.05,329.19,378.72,355.28,376.41,315.94,397.03,325.56,394.69,335.67,394.37,343.23,395.57,351.11,393.30,362.41,392.38,375.00,393.11,366.84,401.85,356.95,408.13,344.33,410.75,332.19,409.71,323.38,404.56,329.74,398.57,343.60,399.46,358.32,396.67,358.57,397.42,343.86,400.46,329.92,399.32,340.55,376.75,296.03,321.28,313.28,320.68,312.66,328.43,296.75,328.49,383.56,314.84,365.92,317.27,368.30,324.61,384.46,322.26,
./P_45/1492719205697_12_-study-educational_advantages_of_social_networking_sites_writing_frames/1491424576511.png,1491424576511,0.08337757736444473,0.26639705896377563,0.06954935193061829,0.21114672720432281,0.22604166666666667,0.25583333333333336,267.60,309.40,268.82,332.68,275.17,357.33,283.83,382.75,296.65,401.87,311.99,417.36,328.72,430.93,348.47,434.22,370.37,428.58,390.43,412.50,407.16,393.79,419.01,371.13,423.84,343.47,425.59,317.85,422.66,295.05,399.84,299.32,385.58,299.38,368.92,304.13,355.36,308.83,280.87,308.16,292.38,306.38,308.45,308.44,322.12,311.14,291.31,324.39,304.79,319.20,320.98,324.94,305.30,329.46,305.73,322.93,391.36,316.76,375.46,313.90,361.29,322.32,377.31,324.10,376.07,317.67,339.49,322.46,325.08,361.88,321.39,371.92,327.18,378.52,343.11,383.99,360.28,376.33,365.59,368.52,359.27,359.24,340.20,350.54,329.72,378.34,355.73,376.00,316.81,396.69,326.41,394.28,336.45,393.89,344.08,395.06,351.93,392.79,363.27,391.80,375.89,392.55,367.79,401.01,357.95,407.13,345.38,409.75,333.34,408.79,324.47,403.91,330.75,397.81,344.61,398.58,359.34,395.81,359.46,396.87,344.73,399.94,330.82,398.82,341.08,376.33,296.76,320.75,314.07,320.14,313.40,327.87,297.46,328.00,384.28,314.03,366.66,316.45,369.01,323.86,385.15,321.45,
./P_45/1492719205697_12_-study-educational_advantages_of_social_networking_sites_writing_frames/1491424576847.png,1491424576847,0.2143491804599762,0.44119903445243835,0.2008385807275772,0.4800310730934143,0.29635416666666664,0.2833333333333333,267.55,309.14,268.87,332.71,275.35,357.71,284.40,383.40,297.60,402.53,313.19,417.87,330.06,431.13,349.91,434.33,371.77,428.38,391.40,412.08,407.57,393.26,418.91,370.65,423.46,343.26,425.16,317.59,422.15,294.59,399.75,298.21,385.74,298.15,369.15,302.96,355.67,307.77,280.68,307.09,292.34,305.08,308.59,307.21,322.27,310.08,291.60,323.60,305.17,318.19,321.29,324.19,305.66,328.74,306.15,322.12,391.66,316.02,375.92,312.94,361.66,321.56,377.71,323.42,376.52,316.91,339.81,321.61,325.68,360.78,321.87,370.95,327.71,377.51,343.54,382.87,360.58,375.29,365.88,367.44,359.52,358.16,340.64,349.45,330.31,377.17,356.10,374.90,317.59,395.91,327.20,393.37,337.20,392.86,344.80,394.01,352.54,391.78,363.86,390.87,376.42,391.74,368.60,400.43,358.90,406.76,346.33,409.46,334.25,408.44,325.35,403.41,331.65,397.45,345.50,398.33,360.11,395.48,360.08,395.93,345.49,398.93,331.59,397.87,341.62,375.05,297.06,319.81,314.46,319.25,313.78,327.12,297.79,327.28,384.68,313.15,367.09,315.56,369.41,323.15,385.54,320.76,
./P_45/1492719205697_12_-study-educational_advantages_of_social_networking_sites_writing_frames/1491424576943.png,1491424576943,0.18592770397663116,0.3325055241584778,0.1984695941209793,0.43407562375068665,0.6036458333333333,0.13416666666666666,268.34,309.48,269.33,332.82,275.47,357.87,284.46,383.24,297.72,402.58,313.47,418.02,330.54,431.36,350.44,434.43,372.19,428.46,391.69,412.21,407.95,393.44,419.40,370.74,423.88,343.45,425.07,317.63,421.48,294.63,399.39,296.52,385.39,295.93,368.40,301.39,354.99,306.99,280.83,306.15,292.21,303.56,308.87,306.08,322.61,309.51,291.85,323.92,305.28,317.72,321.57,324.24,306.00,329.29,306.55,322.34,391.50,315.66,375.69,311.96,361.42,321.31,377.52,323.50,376.18,316.68,339.68,320.72,325.93,358.71,321.80,368.93,327.75,375.54,343.52,380.25,360.62,373.10,365.93,365.15,359.14,355.93,340.50,347.39,330.66,374.85,355.66,372.45,317.75,394.03,327.60,391.27,337.54,390.34,344.92,391.40,352.40,389.18,363.80,388.53,376.76,389.45,368.94,398.18,359.31,404.55,346.62,407.38,334.42,406.41,325.56,401.46,331.92,395.44,345.73,396.10,360.37,393.28,360.30,393.93,345.69,396.84,331.87,396.06,341.47,371.91,297.13,319.62,314.69,318.91,314.21,327.47,298.00,327.82,384.58,312.35,366.78,314.83,369.07,323.13,385.47,320.70,
./P_45/1492719205697_12_-study-educational_advantages_of_social_networking_sites_writing_frames/1491424577122.png,1491424577122,0.2115069478750229,0.39365875720977783,0.17663678526878357,0.45347145199775696,0.2916666666666667,0.23166666666666666,267.36,310.32,268.25,333.60,274.25,358.76,283.72,383.74,297.19,403.33,313.25,418.81,330.80,431.74,350.80,434.44,372.72,428.14,392.33,412.10,408.82,393.50,420.30,371.01,424.66,344.31,425.43,318.42,420.87,294.74,396.48,292.18,382.35,292.00,365.46,298.46,352.56,304.95,279.98,303.22,291.05,300.99,307.44,304.21,320.74,308.16,290.66,322.99,303.82,316.22,319.97,322.84,304.64,328.22,305.34,321.18,390.18,313.20,374.43,309.22,360.25,319.04,376.27,321.25,374.98,314.36,337.51,318.46,323.98,354.62,319.38,365.20,325.56,371.83,341.15,376.00,358.91,368.88,364.31,360.68,356.69,351.45,337.95,343.66,328.55,370.89,353.09,368.07,317.12,390.90,326.76,387.82,336.38,386.37,343.58,387.31,350.77,385.03,362.67,384.46,376.53,385.42,368.73,394.47,358.90,401.08,346.06,404.13,334.00,403.29,325.16,398.42,331.56,392.60,345.08,393.06,359.83,390.07,359.35,390.17,344.59,393.18,331.13,392.68,338.59,366.89,295.69,318.36,313.15,317.47,312.79,326.18,296.74,326.86,383.33,309.66,365.55,312.32,367.85,320.90,384.17,318.32,
./P_45/1492719205697_12_-study-educational_advantages_of_social_networking_sites_writing_frames/1491424577220.png,1491424577220,0.4334947466850281,0.5662704706192017,0.41151750087738037,0.6259462833404541,0.3125,0.19083333333333333,267.08,311.07,267.99,334.42,274.13,359.45,283.73,384.10,297.18,403.47,313.22,418.74,330.68,431.35,350.48,433.89,372.44,427.59,392.38,411.75,408.98,393.21,420.39,370.76,424.62,344.17,425.19,318.35,420.29,294.55,394.57,291.08,380.46,290.84,363.78,297.01,351.00,303.30,279.18,302.49,289.87,300.16,305.90,302.99,319.04,306.64,289.93,322.46,302.79,315.60,318.83,322.09,303.71,327.49,304.37,320.55,388.58,312.32,372.85,308.37,358.92,318.17,374.77,320.31,373.54,313.49,336.03,317.53,322.83,353.93,318.30,364.61,324.50,371.20,339.90,375.20,357.72,368.13,363.15,359.84,355.36,350.61,336.45,342.70,327.42,370.13,351.72,367.18,316.34,390.59,325.78,387.46,335.27,385.94,342.47,386.86,349.68,384.54,361.63,383.96,375.68,384.86,367.78,393.75,357.83,400.26,345.05,403.31,333.13,402.54,324.36,397.87,330.60,392.02,344.03,392.36,358.81,389.39,358.30,389.62,343.56,392.63,330.19,392.22,337.10,365.89,294.81,317.80,312.02,316.82,311.74,325.44,295.92,326.20,381.70,308.80,364.12,311.49,366.45,319.98,382.59,317.38,
./P_45/1492719205697_12_-study-educational_advantages_of_social_networking_sites_writing_frames/1491424577313.png,1491424577313,0.4328131079673767,0.569310188293457,0.40593600273132324,0.5925143957138062,0.22864583333333333,0.14166666666666666,266.36,311.20,267.57,335.19,274.19,360.08,283.89,384.63,297.14,403.26,312.92,417.98,329.93,430.30,349.62,433.29,371.81,427.04,392.32,411.59,408.88,393.15,420.08,370.72,424.27,343.70,425.08,318.00,420.52,294.21,393.11,292.89,379.23,292.96,363.13,297.72,350.41,302.71,278.34,302.87,288.65,300.84,304.09,302.65,316.94,305.47,289.37,321.13,301.92,315.15,317.43,321.05,302.69,325.83,303.12,319.35,386.71,312.50,371.22,309.13,357.79,317.90,373.09,319.79,372.16,313.40,334.95,317.64,322.15,354.69,317.77,365.39,323.84,371.90,339.13,376.65,356.70,369.28,362.24,361.01,354.58,351.63,335.57,343.78,326.59,371.32,351.21,368.62,315.28,391.09,324.74,388.64,334.24,387.89,341.46,388.94,348.81,386.65,360.47,385.67,374.28,386.14,366.51,395.47,356.40,402.27,343.78,405.17,331.90,404.14,323.11,399.01,329.37,393.69,342.83,394.56,357.45,391.52,356.88,390.76,342.44,393.77,329.06,392.99,336.42,367.81,294.26,317.04,310.80,316.31,310.39,324.05,295.24,324.50,379.78,309.46,362.90,311.93,365.15,319.47,380.64,317.11,
./P_45/1492719205697_12_-study-educational_advantages_of_social_networking_sites_writing_frames/1491424584848.png,1491424584848,0.10116840898990631,0.02792082354426384,0.13178016245365143,0.06587474048137665,0.496875,0.30083333333333334,266.69,309.63,267.03,332.71,272.69,356.88,280.92,380.54,292.89,398.67,307.56,412.73,323.83,424.46,342.64,427.41,364.41,422.43,385.91,408.31,403.85,391.18,416.22,369.49,421.45,343.55,422.78,318.30,418.84,295.51,393.08,291.47,379.28,290.25,362.97,295.20,350.14,300.62,279.58,300.61,289.90,297.55,305.39,299.71,318.34,303.11,289.35,321.38,302.02,314.69,317.98,321.47,302.99,326.96,303.70,319.91,386.01,313.56,370.50,309.14,356.72,318.78,372.35,321.50,371.14,314.51,334.86,316.41,320.84,353.49,316.34,363.61,322.28,370.19,337.29,373.86,354.66,368.08,360.22,360.27,352.82,351.05,334.61,341.54,325.37,368.61,348.54,366.34,311.81,389.04,321.64,386.16,331.37,384.78,338.37,385.92,345.68,383.78,357.29,383.77,371.05,384.88,362.42,392.99,352.35,398.67,339.72,401.23,327.94,400.40,319.33,395.88,325.56,389.63,338.97,389.82,353.79,387.58,353.87,389.30,339.07,391.56,325.77,391.19,334.72,364.37,294.22,316.82,311.21,315.98,310.98,325.02,295.18,325.45,379.28,309.82,361.80,312.19,364.02,320.96,380.14,318.72,
./P_45/1492719205697_12_-study-educational_advantages_of_social_networking_sites_writing_frames/1491424584942.png,1491424584942,0.13355517387390137,0.04430665820837021,0.12463319301605225,0.0790938064455986,0.471875,0.43833333333333335,267.00,309.70,267.45,332.69,273.08,356.78,281.21,380.41,293.00,398.58,307.45,412.78,323.62,424.68,342.47,427.70,364.35,422.66,385.89,408.43,403.81,391.23,416.14,369.52,421.34,343.58,422.67,318.37,418.81,295.61,393.21,291.57,379.31,290.28,362.91,295.24,350.03,300.69,279.44,300.86,289.77,297.70,305.31,299.83,318.30,303.22,289.33,321.48,301.98,314.75,317.98,321.57,302.97,327.07,303.70,319.99,386.05,313.57,370.52,309.12,356.72,318.83,372.38,321.53,371.18,314.51,334.75,316.51,320.74,353.68,316.30,363.77,322.21,370.32,337.09,373.97,354.45,368.22,360.00,360.43,352.63,351.23,334.42,341.67,325.18,368.73,348.34,366.42,311.89,389.30,321.51,386.22,331.22,384.78,338.21,385.90,345.51,383.77,357.18,383.82,370.90,385.15,362.35,393.43,352.31,399.25,339.62,401.87,327.83,401.00,319.29,396.33,325.51,390.13,338.87,390.39,353.70,388.06,353.74,389.34,338.91,391.56,325.67,391.24,334.46,364.52,294.18,316.89,311.20,316.05,310.96,325.11,295.15,325.56,379.32,309.80,361.79,312.19,364.04,321.00,380.18,318.75,
./P_45/1492719205697_12_-study-educational_advantages_of_social_networking_sites_writing_frames/1491424585033.png,1491424585033,0.15669146180152893,0.0813441127538681,0.1283077597618103,0.02027188614010811,0.5505208333333333,0.4275,266.87,309.59,267.31,332.61,272.98,356.73,281.19,380.36,293.09,398.52,307.59,412.68,323.68,424.56,342.41,427.55,364.17,422.59,385.58,408.44,403.53,391.31,415.98,369.62,421.25,343.66,422.64,318.43,418.77,295.64,393.22,291.73,379.35,290.40,362.92,295.39,349.98,300.89,279.27,300.93,289.57,297.75,305.15,299.94,318.19,303.39,289.18,321.44,301.90,314.69,317.92,321.56,302.86,327.04,303.63,319.96,386.07,313.62,370.49,309.13,356.64,318.86,372.34,321.56,371.14,314.55,334.67,316.50,320.56,353.65,316.12,363.75,322.03,370.34,336.97,374.00,354.44,368.25,359.98,360.43,352.63,351.21,334.32,341.66,325.03,368.73,348.29,366.44,311.79,389.30,321.44,386.33,331.13,384.90,338.17,386.04,345.51,383.90,357.20,383.95,370.94,385.19,362.33,393.29,352.26,398.97,339.57,401.52,327.80,400.68,319.26,396.15,325.44,389.88,338.83,390.08,353.71,387.84,353.76,389.48,338.88,391.73,325.59,391.36,334.36,364.55,294.07,316.84,311.14,316.00,310.89,325.10,295.02,325.53,379.32,309.83,361.74,312.20,363.97,321.03,380.17,318.79,
./P_45/1492719205697_12_-study-educational_advantages_of_social_networking_sites_writing_frames/1491424585128.png,1491424585128,0.17432652413845062,0.2358628660440445,0.0916067585349083,0.012114178389310837,0.5270833333333333,0.41333333333333333,266.81,309.75,267.19,332.71,272.78,356.77,280.99,380.36,292.93,398.52,307.49,412.77,323.63,424.78,342.36,427.79,364.14,422.83,385.63,408.50,403.63,391.20,416.08,369.42,421.33,343.50,422.62,318.36,418.68,295.72,393.17,291.70,379.32,290.36,362.85,295.35,349.88,300.86,279.11,300.90,289.41,297.66,305.08,299.83,318.18,303.32,289.16,321.40,301.87,314.70,317.85,321.51,302.83,326.96,303.61,319.91,385.99,313.63,370.45,309.19,356.63,318.84,372.28,321.52,371.10,314.54,334.62,316.52,320.52,353.67,316.03,363.76,321.95,370.36,336.94,374.13,354.43,368.27,359.99,360.45,352.59,351.25,334.29,341.76,324.98,368.89,348.29,366.61,311.69,389.07,321.41,386.16,331.11,384.80,338.12,385.96,345.44,383.82,357.12,383.80,370.88,385.01,362.30,393.22,352.22,399.01,339.53,401.59,327.74,400.70,319.16,396.05,325.39,389.84,338.78,390.11,353.64,387.82,353.68,389.38,338.83,391.66,325.54,391.25,334.34,364.71,294.06,316.83,311.08,316.00,310.83,325.02,295.01,325.46,379.24,309.88,361.73,312.22,363.95,320.99,380.09,318.77,
./P_45/1492719205697_12_-study-educational_advantages_of_social_networking_sites_writing_frames/1491424585223.png,1491424585223,0.17017453908920288,0.12200532853603363,0.10182970762252808,0.03257039934396744,0.5036458333333333,0.5491666666666667,266.45,309.64,266.89,332.70,272.56,356.84,280.80,380.53,292.75,398.69,307.34,412.83,323.55,424.68,342.36,427.68,364.15,422.67,385.58,408.51,403.51,391.38,415.91,369.73,421.16,343.77,422.56,318.54,418.68,295.71,393.02,291.75,379.22,290.45,362.82,295.32,349.89,300.72,279.04,300.94,289.34,297.77,304.92,299.86,317.96,303.22,289.03,321.41,301.75,314.74,317.69,321.53,302.69,326.97,303.45,319.93,385.91,313.62,370.38,309.21,356.56,318.82,372.21,321.52,371.05,314.54,334.53,316.52,320.44,353.76,315.92,363.90,321.87,370.51,336.87,374.25,354.35,368.41,359.91,360.58,352.51,351.32,334.22,341.83,324.88,368.97,348.23,366.68,311.57,389.35,321.35,386.54,331.04,385.22,338.07,386.37,345.40,384.23,357.05,384.17,370.84,385.25,362.24,393.41,352.15,399.14,339.47,401.71,327.69,400.84,319.08,396.27,325.33,390.05,338.73,390.29,353.58,388.02,353.62,389.70,338.78,391.99,325.49,391.57,334.28,364.82,293.94,316.86,310.94,316.04,310.68,325.04,294.87,325.47,379.16,309.88,361.67,312.24,363.88,320.98,380.01,318.75,
./P_45/1492719205697_12_-study-educational_advantages_of_social_networking_sites_writing_frames/1491424585320.png,1491424585320,0.1436987817287445,0.022454533725976944,0.11895476281642914,0.030285172164440155,0.571875,0.4725,266.41,309.85,266.85,332.86,272.46,356.98,280.64,380.63,292.55,398.83,307.14,413.09,323.42,425.05,342.33,428.07,364.21,423.02,385.71,408.72,403.62,391.47,415.98,369.76,421.18,343.83,422.51,318.62,418.65,295.84,393.06,291.78,379.21,290.57,362.84,295.50,349.93,300.93,278.94,300.99,289.27,297.93,304.80,300.07,317.81,303.46,288.94,321.49,301.64,314.81,317.59,321.64,302.58,327.02,303.31,319.99,385.82,313.65,370.29,309.24,356.50,318.92,372.13,321.53,370.95,314.56,334.49,316.83,320.42,354.05,315.95,364.14,321.88,370.72,336.86,374.58,354.28,368.61,359.84,360.80,352.47,351.60,334.20,342.18,324.86,369.32,348.23,367.02,311.45,389.41,321.21,386.52,330.98,385.24,338.01,386.38,345.35,384.24,357.05,384.12,370.84,385.26,362.26,393.57,352.14,399.41,339.42,402.03,327.59,401.14,318.94,396.46,325.22,390.34,338.68,390.64,353.59,388.28,353.60,389.62,338.72,391.94,325.37,391.51,334.28,365.23,293.83,316.93,310.83,316.13,310.56,325.11,294.79,325.52,379.07,309.91,361.58,312.30,363.82,321.03,379.91,318.77,
